  # Wind [m/s]             1             2             3             4             5             6             7             8             9            10            11            12            13             1             2             3             4             5             6             7             8             9            10            11            12            13             1             2             3             4             5             6             7             8             9            10            11            12            13
  0.400000E+01  0.000000E+00  0.245473E+00  0.249314E+00  0.475961E+00  0.575684E+00  0.604712E+00  0.789157E+00  0.897078E+00  0.122627E+01  0.141403E+01  0.162480E+01  0.165946E+01  0.218203E+01  0.100000E+03  0.425598E+01  0.413407E+00  0.216500E+02  0.190299E+02  0.194088E+02  0.602796E+00  0.953728E+00  0.753867E+01  0.696910E+01  0.617912E+01  0.180899E+01  0.342664E+01 -0.196132E-05 -0.657017E-01 -0.647601E-02 -0.663185E+00 -0.701148E+00 -0.751736E+00 -0.298897E-01 -0.537594E-01 -0.582501E+00 -0.620688E+00 -0.632029E+00 -0.188648E+00 -0.470071E+00
  0.500000E+01  0.000000E+00  0.246673E+00  0.249329E+00  0.467032E+00  0.585780E+00  0.605612E+00  0.779842E+00  0.913915E+00  0.122375E+01  0.142058E+01  0.163205E+01  0.166410E+01  0.217858E+01  0.100000E+03  0.521597E+01  0.436115E+00  0.280689E+02  0.238088E+02  0.247575E+02  0.661294E+00  0.120427E+01  0.968833E+01  0.866886E+01  0.791513E+01  0.190337E+01  0.378730E+01 -0.374440E-05 -0.809522E-01 -0.683216E-02 -0.858166E+00 -0.902243E+00 -0.972334E+00 -0.324034E-01 -0.691577E-01 -0.748463E+00 -0.776684E+00 -0.814212E+00 -0.199050E+00 -0.518795E+00
  0.600000E+01  0.000000E+00  0.248027E+00  0.249331E+00  0.457058E+00  0.596787E+00  0.604728E+00  0.770850E+00  0.930858E+00  0.121899E+01  0.142658E+01  0.163766E+01  0.166970E+01  0.217472E+01  0.100000E+03  0.610591E+01  0.455213E+00  0.345961E+02  0.282269E+02  0.302551E+02  0.744813E+00  0.151674E+01  0.119156E+02  0.103572E+02  0.971413E+01  0.198895E+01  0.416514E+01 -0.646086E-05 -0.953322E-01 -0.713140E-02 -0.105891E+01 -0.110330E+01 -0.120610E+01 -0.360752E-01 -0.887206E-01 -0.919181E+00 -0.933384E+00 -0.100431E+01 -0.208702E+00 -0.569626E+00
  0.700000E+01  0.000000E+00  0.249486E+00  0.249318E+00  0.446663E+00  0.606891E+00  0.604396E+00  0.761945E+00  0.947506E+00  0.121219E+01  0.143224E+01  0.164210E+01  0.167532E+01  0.217061E+01  0.100000E+03  0.690866E+01  0.471081E+00  0.411296E+02  0.323078E+02  0.358293E+02  0.856062E+00  0.188337E+01  0.141969E+02  0.119967E+02  0.115322E+02  0.207645E+01  0.454519E+01 -0.106709E-04 -0.108557E+00 -0.737960E-02 -0.126636E+01 -0.130177E+01 -0.145739E+01 -0.409850E-01 -0.112144E+00 -0.109236E+01 -0.108743E+01 -0.119784E+01 -0.218621E+00 -0.620528E+00
  0.800000E+01  0.000000E+00  0.250992E+00  0.249291E+00  0.436348E+00  0.616360E+00  0.604752E+00  0.752861E+00  0.963504E+00  0.120351E+01  0.143779E+01  0.164582E+01  0.168018E+01  0.216642E+01  0.100000E+03  0.761930E+01  0.484269E+00  0.475695E+02  0.363845E+02  0.411268E+02  0.995216E+00  0.229526E+01  0.165231E+02  0.135666E+02  0.133531E+02  0.216654E+01  0.491392E+01 -0.175725E-04 -0.120509E+00 -0.758540E-02 -0.148269E+01 -0.151275E+01 -0.171442E+01 -0.470797E-01 -0.138989E+00 -0.126687E+01 -0.123703E+01 -0.139332E+01 -0.228773E+00 -0.669692E+00
  0.900000E+01  0.000000E+00  0.252484E+00  0.249252E+00  0.426569E+00  0.626362E+00  0.605007E+00  0.743337E+00  0.978531E+00  0.119306E+01  0.144354E+01  0.164920E+01  0.168357E+01  0.216236E+01  0.100000E+03  0.824322E+01  0.495222E+00  0.538020E+02  0.404000E+02  0.461752E+02  0.116037E+01  0.274257E+01  0.188886E+02  0.150547E+02  0.151728E+02  0.225815E+01  0.525812E+01 -0.301676E-04 -0.131218E+00 -0.775576E-02 -0.171071E+01 -0.173812E+01 -0.197889E+01 -0.541991E-01 -0.168685E+00 -0.144189E+01 -0.138120E+01 -0.159066E+01 -0.238932E+00 -0.715386E+00
  0.100000E+02  0.000000E+00  0.253917E+00  0.249203E+00  0.418064E+00  0.637611E+00  0.605408E+00  0.733126E+00  0.992291E+00  0.118119E+01  0.145008E+01  0.165302E+01  0.168483E+01  0.215883E+01  0.100000E+03  0.879263E+01  0.504265E+00  0.597386E+02  0.443402E+02  0.510405E+02  0.134762E+01  0.321650E+01  0.213193E+02  0.164742E+02  0.170144E+02  0.234933E+01  0.556480E+01 -0.570842E-04 -0.140824E+00 -0.789582E-02 -0.195672E+01 -0.198184E+01 -0.225776E+01 -0.620822E-01 -0.200644E+00 -0.161948E+01 -0.152178E+01 -0.179330E+01 -0.248771E+00 -0.756002E+00
  0.110000E+02  0.000000E+00  0.255866E+00  0.249212E+00  0.434114E+00  0.675477E+00  0.623979E+00  0.718693E+00  0.995614E+00  0.116973E+01  0.146075E+01  0.166278E+01  0.167710E+01  0.216521E+01 -0.100000E+03  0.945949E+01  0.519571E+00  0.671396E+02  0.510593E+02  0.583176E+02  0.133263E+01  0.344322E+01  0.248378E+02  0.184993E+02  0.199361E+02  0.180499E+01  0.584980E+01  0.859287E-05 -0.152760E+00 -0.813579E-02 -0.247108E+01 -0.252032E+01 -0.281455E+01 -0.601829E-01 -0.215523E+00 -0.188455E+01 -0.172772E+01 -0.212550E+01 -0.190232E+00 -0.797199E+00
  0.120000E+02  0.000000E+00  0.256230E+00  0.249345E+00  0.451171E+00  0.697971E+00  0.635228E+00  0.709802E+00  0.980857E+00  0.117264E+01  0.146705E+01  0.167194E+01  0.166016E+01  0.217483E+01 -0.100000E+03  0.995838E+01  0.587167E+00  0.696835E+02  0.544890E+02  0.615007E+02  0.990122E+00  0.284540E+01  0.263561E+02  0.196821E+02  0.213198E+02  0.127481E+01  0.580266E+01  0.191803E-05 -0.161125E+00 -0.919920E-02 -0.275418E+01 -0.284983E+01 -0.311297E+01 -0.441598E-01 -0.175431E+00 -0.201307E+01 -0.185044E+01 -0.229237E+01 -0.132988E+00 -0.794265E+00
  0.130000E+02  0.000000E+00  0.256545E+00  0.249426E+00  0.480223E+00  0.730254E+00  0.661695E+00  0.704250E+00  0.972582E+00  0.117815E+01  0.147359E+01  0.168163E+01  0.164804E+01  0.217515E+01 -0.100000E+03  0.101519E+02  0.641662E+00  0.702061E+02  0.559694E+02  0.628030E+02  0.874714E+00  0.258779E+01  0.274538E+02  0.204883E+02  0.217640E+02  0.136077E+01  0.567254E+01  0.121727E-05 -0.164491E+00 -0.100562E-01 -0.297472E+01 -0.309890E+01 -0.335531E+01 -0.387070E-01 -0.158191E+00 -0.211349E+01 -0.193809E+01 -0.235605E+01 -0.140920E+00 -0.776510E+00
  0.140000E+02  0.000000E+00  0.256505E+00  0.249489E+00  0.495279E+00  0.747685E+00  0.676566E+00  0.699558E+00  0.966140E+00  0.118185E+01  0.147700E+01  0.168691E+01  0.163688E+01  0.217150E+01 -0.100000E+03  0.103174E+02  0.694909E+00  0.703372E+02  0.565456E+02  0.631545E+02  0.816299E+00  0.239280E+01  0.277559E+02  0.207872E+02  0.216256E+02  0.161942E+01  0.550951E+01  0.936738E-06 -0.167174E+00 -0.108936E-01 -0.307932E+01 -0.322077E+01 -0.346260E+01 -0.358812E-01 -0.145295E+00 -0.214539E+01 -0.197219E+01 -0.234770E+01 -0.166576E+00 -0.752859E+00
  0.150000E+02  0.000000E+00  0.256175E+00  0.249542E+00  0.497404E+00  0.751140E+00  0.679480E+00  0.695304E+00  0.960660E+00  0.118623E+01  0.148063E+01  0.169280E+01  0.162579E+01  0.216658E+01 -0.100000E+03  0.104646E+02  0.749140E+00  0.706008E+02  0.569242E+02  0.633420E+02  0.789679E+00  0.223760E+01  0.278321E+02  0.209694E+02  0.213596E+02  0.197092E+01  0.535652E+01  0.788357E-06 -0.169367E+00 -0.117462E-01 -0.311559E+01 -0.326766E+01 -0.349474E+01 -0.345000E-01 -0.135096E+00 -0.215976E+01 -0.199516E+01 -0.232551E+01 -0.201372E+00 -0.730234E+00
  0.160000E+02  0.000000E+00  0.255782E+00  0.249589E+00  0.498047E+00  0.752756E+00  0.681261E+00  0.691294E+00  0.955690E+00  0.119088E+01  0.148438E+01  0.169950E+01  0.161447E+01  0.216064E+01 -0.100000E+03  0.105976E+02  0.804350E+00  0.708777E+02  0.572787E+02  0.635037E+02  0.781782E+00  0.211457E+01  0.278665E+02  0.211149E+02  0.210085E+02  0.238549E+01  0.521356E+01  0.694008E-06 -0.171281E+00 -0.126143E-01 -0.314416E+01 -0.330499E+01 -0.351888E+01 -0.339579E-01 -0.127004E+00 -0.217112E+01 -0.201473E+01 -0.229455E+01 -0.242053E+00 -0.708742E+00
  0.170000E+02  0.000000E+00  0.255351E+00  0.249633E+00  0.498223E+00  0.753736E+00  0.682797E+00  0.687454E+00  0.951079E+00  0.119587E+01  0.148838E+01  0.170730E+01  0.160263E+01  0.215411E+01 -0.100000E+03  0.107152E+02  0.861071E+00  0.711125E+02  0.575683E+02  0.635999E+02  0.786800E+00  0.201523E+01  0.278740E+02  0.212371E+02  0.206126E+02  0.284178E+01  0.508263E+01  0.629455E-06 -0.172911E+00 -0.135063E-01 -0.316632E+01 -0.333429E+01 -0.353578E+01 -0.339861E-01 -0.120451E+00 -0.218085E+01 -0.203241E+01 -0.225971E+01 -0.286272E+00 -0.688806E+00
  0.180000E+02  0.000000E+00  0.254859E+00  0.249672E+00  0.498471E+00  0.754624E+00  0.684497E+00  0.683716E+00  0.946681E+00  0.120074E+01  0.149234E+01  0.171597E+01  0.159004E+01  0.214710E+01 -0.100000E+03  0.108038E+02  0.916967E+00  0.713595E+02  0.578773E+02  0.637151E+02  0.800572E+00  0.193143E+01  0.279342E+02  0.213914E+02  0.202351E+02  0.331847E+01  0.496579E+01  0.582377E-06 -0.174023E+00 -0.143854E-01 -0.319027E+01 -0.336512E+01 -0.355538E+01 -0.343930E-01 -0.114906E+00 -0.219486E+01 -0.205333E+01 -0.222779E+01 -0.331714E+00 -0.670745E+00
  0.190000E+02  0.000000E+00  0.254359E+00  0.249706E+00  0.498932E+00  0.755582E+00  0.686317E+00  0.680117E+00  0.942531E+00  0.120540E+01  0.149618E+01  0.172539E+01  0.157690E+01  0.213984E+01 -0.100000E+03  0.108722E+02  0.970926E+00  0.716100E+02  0.581931E+02  0.638438E+02  0.819549E+00  0.186189E+01  0.280073E+02  0.215459E+02  0.198680E+02  0.378974E+01  0.486266E+01  0.554398E-06 -0.174794E+00 -0.152341E-01 -0.321619E+01 -0.339716E+01 -0.357699E+01 -0.350230E-01 -0.110282E+00 -0.220964E+01 -0.207420E+01 -0.219770E+01 -0.375755E+00 -0.654559E+00
  0.200000E+02  0.000000E+00  0.253841E+00  0.249737E+00  0.499456E+00  0.756510E+00  0.688190E+00  0.676585E+00  0.938531E+00  0.121003E+01  0.150003E+01  0.173566E+01  0.156306E+01  0.213230E+01 -0.100000E+03  0.109242E+02  0.102233E+01  0.718615E+02  0.585103E+02  0.639744E+02  0.843449E+00  0.180123E+01  0.280842E+02  0.216982E+02  0.195159E+02  0.424553E+01  0.477015E+01  0.532683E-06 -0.175282E+00 -0.160427E-01 -0.324290E+01 -0.342948E+01 -0.359916E+01 -0.358572E-01 -0.106235E+00 -0.222474E+01 -0.209496E+01 -0.217002E+01 -0.417331E+00 -0.639815E+00
  0.210000E+02  0.000000E+00  0.253299E+00  0.249766E+00  0.500297E+00  0.757666E+00  0.690316E+00  0.673132E+00  0.934682E+00  0.121455E+01  0.150382E+01  0.174651E+01  0.154877E+01  0.212465E+01 -0.100000E+03  0.109826E+02  0.107670E+01  0.721116E+02  0.588332E+02  0.641154E+02  0.871150E+00  0.174911E+01  0.281927E+02  0.218694E+02  0.192108E+02  0.467489E+01  0.468781E+01  0.516357E-06 -0.175855E+00 -0.168979E-01 -0.327187E+01 -0.346367E+01 -0.362378E+01 -0.368459E-01 -0.102737E+00 -0.224242E+01 -0.211765E+01 -0.214814E+01 -0.455421E+00 -0.626492E+00
  0.220000E+02  0.000000E+00  0.252751E+00  0.249797E+00  0.501711E+00  0.759302E+00  0.692798E+00  0.669755E+00  0.930970E+00  0.121892E+01  0.150752E+01  0.175776E+01  0.153421E+01  0.211694E+01 -0.100000E+03  0.110584E+02  0.113810E+01  0.723477E+02  0.591522E+02  0.642663E+02  0.901394E+00  0.170397E+01  0.283221E+02  0.220507E+02  0.189516E+02  0.507122E+01  0.461470E+01  0.502169E-06 -0.176700E+00 -0.178639E-01 -0.330361E+01 -0.350005E+01 -0.365137E+01 -0.379339E-01 -0.996872E-01 -0.226171E+01 -0.214136E+01 -0.213172E+01 -0.489483E+00 -0.614461E+00
  0.230000E+02  0.000000E+00  0.252091E+00  0.249826E+00  0.500436E+00  0.758327E+00  0.693320E+00  0.666448E+00  0.927452E+00  0.122401E+01  0.151166E+01  0.176962E+01  0.151954E+01  0.210905E+01 -0.100000E+03  0.111258E+02  0.120522E+01  0.726030E+02  0.594133E+02  0.643076E+02  0.933178E+00  0.166311E+01  0.282871E+02  0.221150E+02  0.186088E+02  0.544553E+01  0.454815E+01  0.493594E-06 -0.177325E+00 -0.189197E-01 -0.331976E+01 -0.351938E+01 -0.365813E+01 -0.390777E-01 -0.969287E-01 -0.226811E+01 -0.215381E+01 -0.210587E+01 -0.520687E+00 -0.603324E+00
  0.240000E+02  0.000000E+00  0.251372E+00  0.249853E+00  0.498600E+00  0.756806E+00  0.693486E+00  0.663211E+00  0.924067E+00  0.122937E+01  0.151603E+01  0.178174E+01  0.150493E+01  0.210121E+01 -0.100000E+03  0.111869E+02  0.127766E+01  0.728403E+02  0.596355E+02  0.642953E+02  0.966209E+00  0.162765E+01  0.282234E+02  0.221571E+02  0.182968E+02  0.578066E+01  0.448818E+01  0.485004E-06 -0.177803E+00 -0.200593E-01 -0.333057E+01 -0.353269E+01 -0.365781E+01 -0.402646E-01 -0.945154E-01 -0.227246E+01 -0.216437E+01 -0.208349E+01 -0.547520E+00 -0.593141E+00
  0.250000E+02  0.000000E+00  0.250625E+00  0.249878E+00  0.497600E+00  0.756055E+00  0.694316E+00  0.660035E+00  0.920765E+00  0.123447E+01  0.152028E+01  0.179363E+01  0.149056E+01  0.209345E+01 -0.100000E+03  0.112350E+02  0.135509E+01  0.730719E+02  0.598756E+02  0.643127E+02  0.100095E+01  0.159791E+01  0.282336E+02  0.222493E+02  0.180790E+02  0.607620E+01  0.443562E+01  0.479836E-06 -0.178048E+00 -0.212773E-01 -0.334653E+01 -0.355130E+01 -0.366388E+01 -0.415126E-01 -0.924562E-01 -0.228279E+01 -0.217995E+01 -0.207158E+01 -0.570117E+00 -0.584016E+00
