  # Wind [m/s]             1             2             3             4             5             6             7             8             9            10            11            12            13             1             2             3             4             5             6             7             8             9            10            11            12            13
  0.400000E+01  0.000000E+00  0.242228E+00  0.249221E+00  0.463067E+00  0.565107E+00  0.591193E+00  0.790219E+00  0.886915E+00  0.121258E+01  0.140417E+01  0.160288E+01  0.166651E+01  0.218407E+01  0.100000E+03  0.310720E+00  0.321271E+00  0.325848E+00  0.394627E+00  0.457031E+00  0.444558E+00  0.446497E+00  0.707472E+00  0.117254E+01  0.115891E+01  0.892211E+00  0.223697E+01
  0.500000E+01  0.000000E+00  0.242094E+00  0.249239E+00  0.455028E+00  0.575150E+00  0.595079E+00  0.780099E+00  0.900019E+00  0.120910E+01  0.141095E+01  0.160550E+01  0.167341E+01  0.218189E+01  0.100000E+03  0.310575E+00  0.321309E+00  0.330797E+00  0.394235E+00  0.447562E+00  0.445987E+00  0.447340E+00  0.717084E+00  0.116013E+01  0.116491E+01  0.890863E+00  0.221280E+01
  0.600000E+01  0.000000E+00  0.241930E+00  0.249260E+00  0.447024E+00  0.584015E+00  0.601457E+00  0.770065E+00  0.913203E+00  0.120510E+01  0.141888E+01  0.160833E+01  0.168077E+01  0.217939E+01  0.100000E+03  0.310395E+00  0.321352E+00  0.333975E+00  0.406418E+00  0.426295E+00  0.447290E+00  0.448153E+00  0.726796E+00  0.114691E+01  0.116801E+01  0.891642E+00  0.218833E+01
  0.700000E+01  0.000000E+00  0.241736E+00  0.249282E+00  0.439214E+00  0.590688E+00  0.611176E+00  0.760029E+00  0.926294E+00  0.120068E+01  0.142778E+01  0.161118E+01  0.168796E+01  0.217655E+01  0.100000E+03  0.310179E+00  0.321399E+00  0.335846E+00  0.423544E+00  0.400471E+00  0.448325E+00  0.448738E+00  0.736074E+00  0.113336E+01  0.116719E+01  0.894535E+00  0.216308E+01
  0.800000E+01  0.000000E+00  0.241512E+00  0.249306E+00  0.431670E+00  0.595942E+00  0.623376E+00  0.749862E+00  0.939156E+00  0.119594E+01  0.143752E+01  0.161384E+01  0.169433E+01  0.217331E+01  0.100000E+03  0.309930E+00  0.321449E+00  0.336740E+00  0.432612E+00  0.382817E+00  0.448936E+00  0.448906E+00  0.744600E+00  0.111978E+01  0.116152E+01  0.899417E+00  0.213588E+01
  0.900000E+01  0.000000E+00  0.241259E+00  0.249331E+00  0.424429E+00  0.600813E+00  0.636964E+00  0.739435E+00  0.951672E+00  0.119094E+01  0.144800E+01  0.161604E+01  0.169932E+01  0.216953E+01  0.100000E+03  0.309643E+00  0.321499E+00  0.336897E+00  0.435406E+00  0.371373E+00  0.448970E+00  0.448487E+00  0.752202E+00  0.110633E+01  0.114976E+01  0.906484E+00  0.210504E+01
  0.100000E+02  0.000000E+00  0.240975E+00  0.249356E+00  0.417504E+00  0.605773E+00  0.651393E+00  0.728641E+00  0.963742E+00  0.118573E+01  0.145914E+01  0.161739E+01  0.170253E+01  0.216507E+01  0.100000E+03  0.309310E+00  0.321549E+00  0.336488E+00  0.435207E+00  0.362733E+00  0.448299E+00  0.447333E+00  0.758824E+00  0.109306E+01  0.113009E+01  0.916684E+00  0.206828E+01
  0.110000E+02  0.000000E+00  0.240693E+00  0.249361E+00  0.411662E+00  0.612146E+00  0.664880E+00  0.717054E+00  0.972752E+00  0.118319E+01  0.147072E+01  0.163594E+01  0.168739E+01  0.216309E+01  0.100000E+03  0.308967E+00  0.321556E+00  0.336108E+00  0.433571E+00  0.355070E+00  0.448213E+00  0.445792E+00  0.770628E+00  0.108212E+01  0.114649E+01  0.892895E+00  0.204274E+01
  0.120000E+02  0.000000E+00  0.240735E+00  0.249324E+00  0.412499E+00  0.616481E+00  0.663941E+00  0.712421E+00  0.966841E+00  0.119047E+01  0.147394E+01  0.164358E+01  0.167735E+01  0.216311E+01  0.100000E+03  0.309009E+00  0.321475E+00  0.337419E+00  0.433791E+00  0.352886E+00  0.449597E+00  0.444646E+00  0.787090E+00  0.108379E+01  0.101618E+01  0.102887E+01  0.203260E+01
  0.130000E+02  0.000000E+00  0.240771E+00  0.249302E+00  0.413121E+00  0.619609E+00  0.663091E+00  0.708953E+00  0.962301E+00  0.119592E+01  0.147683E+01  0.161900E+01  0.169759E+01  0.215949E+01  0.100000E+03  0.309044E+00  0.321427E+00  0.338459E+00  0.434167E+00  0.351423E+00  0.449779E+00  0.443285E+00  0.797902E+00  0.108439E+01  0.935692E+00  0.110954E+01  0.200322E+01
  0.140000E+02  0.000000E+00  0.240806E+00  0.249284E+00  0.413688E+00  0.622428E+00  0.662163E+00  0.705987E+00  0.958218E+00  0.120084E+01  0.147964E+01  0.159813E+01  0.171388E+01  0.215475E+01  0.100000E+03  0.309092E+00  0.321389E+00  0.339437E+00  0.434583E+00  0.350241E+00  0.449615E+00  0.441968E+00  0.807033E+00  0.108474E+01  0.906057E+00  0.113821E+01  0.196931E+01
  0.150000E+02  0.000000E+00  0.240839E+00  0.249268E+00  0.414231E+00  0.625112E+00  0.661115E+00  0.703384E+00  0.954396E+00  0.120547E+01  0.148245E+01  0.157953E+01  0.172788E+01  0.214931E+01  0.100000E+03  0.309134E+00  0.321355E+00  0.340394E+00  0.435016E+00  0.349301E+00  0.449201E+00  0.440707E+00  0.815263E+00  0.108498E+01  0.886104E+00  0.115675E+01  0.193341E+01
  0.160000E+02  0.000000E+00  0.240873E+00  0.249254E+00  0.414763E+00  0.627731E+00  0.659923E+00  0.701091E+00  0.950746E+00  0.120995E+01  0.148527E+01  0.156240E+01  0.174046E+01  0.214336E+01  0.100000E+03  0.309171E+00  0.321324E+00  0.341345E+00  0.435455E+00  0.348615E+00  0.448547E+00  0.439497E+00  0.822916E+00  0.108517E+01  0.870211E+00  0.117104E+01  0.189662E+01
  0.170000E+02  0.000000E+00  0.240906E+00  0.249241E+00  0.415289E+00  0.630317E+00  0.658573E+00  0.699084E+00  0.947229E+00  0.121430E+01  0.148810E+01  0.154634E+01  0.175202E+01  0.213699E+01  0.100000E+03  0.309226E+00  0.321295E+00  0.342302E+00  0.435890E+00  0.348195E+00  0.447649E+00  0.438334E+00  0.830146E+00  0.108532E+01  0.856628E+00  0.118294E+01  0.185965E+01
  0.180000E+02  0.000000E+00  0.240940E+00  0.249228E+00  0.415816E+00  0.632896E+00  0.657053E+00  0.697339E+00  0.943804E+00  0.121859E+01  0.149097E+01  0.153104E+01  0.176285E+01  0.213024E+01  0.100000E+03  0.309267E+00  0.321268E+00  0.343276E+00  0.436310E+00  0.348043E+00  0.446510E+00  0.437203E+00  0.837076E+00  0.108542E+01  0.844532E+00  0.119333E+01  0.182278E+01
  0.190000E+02  0.000000E+00  0.240973E+00  0.249216E+00  0.416338E+00  0.635444E+00  0.655393E+00  0.695871E+00  0.940508E+00  0.122276E+01  0.149382E+01  0.151658E+01  0.177300E+01  0.212329E+01  0.100000E+03  0.309318E+00  0.321243E+00  0.344239E+00  0.436693E+00  0.348146E+00  0.445196E+00  0.436125E+00  0.843662E+00  0.108541E+01  0.833825E+00  0.120253E+01  0.178709E+01
  0.200000E+02  0.000000E+00  0.241006E+00  0.249204E+00  0.416862E+00  0.637997E+00  0.653580E+00  0.694636E+00  0.937285E+00  0.122689E+01  0.149671E+01  0.150264E+01  0.178269E+01  0.211608E+01  0.100000E+03  0.309363E+00  0.321218E+00  0.345224E+00  0.437004E+00  0.348479E+00  0.443737E+00  0.435074E+00  0.850039E+00  0.108436E+01  0.824974E+00  0.121093E+01  0.175220E+01
  0.210000E+02  0.000000E+00  0.241038E+00  0.249193E+00  0.417387E+00  0.640542E+00  0.651640E+00  0.693625E+00  0.934143E+00  0.123095E+01  0.149961E+01  0.148919E+01  0.179197E+01  0.210870E+01  0.100000E+03  0.309409E+00  0.321194E+00  0.346220E+00  0.437134E+00  0.349077E+00  0.442216E+00  0.434052E+00  0.856205E+00  0.108667E+01  0.813489E+00  0.121866E+01  0.171854E+01
  0.220000E+02  0.000000E+00  0.241071E+00  0.249182E+00  0.417912E+00  0.643067E+00  0.649606E+00  0.692815E+00  0.931078E+00  0.123496E+01  0.150250E+01  0.147622E+01  0.180089E+01  0.210117E+01  0.100000E+03  0.309456E+00  0.321171E+00  0.347223E+00  0.436549E+00  0.350402E+00  0.440709E+00  0.433058E+00  0.862177E+00  0.108670E+01  0.804916E+00  0.122587E+01  0.168622E+01
  0.230000E+02  0.000000E+00  0.241103E+00  0.249172E+00  0.418439E+00  0.645443E+00  0.647624E+00  0.692187E+00  0.928087E+00  0.123891E+01  0.150539E+01  0.146366E+01  0.180950E+01  0.209354E+01  0.100000E+03  0.309501E+00  0.321149E+00  0.348242E+00  0.426043E+00  0.361586E+00  0.439281E+00  0.432087E+00  0.867972E+00  0.108683E+01  0.796781E+00  0.123262E+01  0.165531E+01
  0.240000E+02  0.000000E+00  0.241135E+00  0.249162E+00  0.418965E+00  0.648422E+00  0.644961E+00  0.691719E+00  0.925174E+00  0.124281E+01  0.150827E+01  0.145150E+01  0.181781E+01  0.208586E+01  0.100000E+03  0.309549E+00  0.321127E+00  0.349270E+00  0.435666E+00  0.352521E+00  0.437993E+00  0.431138E+00  0.873590E+00  0.108701E+01  0.789083E+00  0.123898E+01  0.162588E+01
  0.250000E+02  0.000000E+00  0.241167E+00  0.249152E+00  0.419492E+00  0.650871E+00  0.642765E+00  0.691393E+00  0.922328E+00  0.124664E+01  0.151115E+01  0.143968E+01  0.182585E+01  0.207811E+01  0.100000E+03  0.309595E+00  0.321107E+00  0.350303E+00  0.438793E+00  0.349789E+00  0.436887E+00  0.430207E+00  0.879052E+00  0.108722E+01  0.781773E+00  0.124500E+01  0.159783E+01
