Statistics: p99. Generated: 09/11/2021 19:37:55. No. files: 20.
                              File                       4                      10                      13                      15                      17                      18                      20                      21                      25                      26                      27                      61                      64                      70                     100
             dtu_10mw_rwt_05.0.dat 0.000000000000000000e+00 3.622730000000000117e-01 3.522889999999999873e+02 5.000000000000000000e+00 3.239630099999999948e+04 4.125812700000000405e+03 -8.295829999999999927e+03 2.928079999999999927e+03 -2.875269999999999982e+03 -7.485429900000000089e+03 1.285939999999999964e+04 9.514161299999999599e+00 1.449810099999999879e+00 2.679700000000000000e+06 9.708340000000000000e+05
             dtu_10mw_rwt_06.0.dat 0.000000000000000000e+00 4.347690000000000166e-01 5.075740000000000123e+02 6.000000000000000000e+00 5.107130099999999948e+04 5.673223599999997532e+03 -7.630349900000000162e+03 4.211990200000000186e+03 -4.141429900000000089e+03 -1.053210000000000036e+04 1.321830099999999948e+04 9.484630099999998620e+00 1.446709999999999940e+00 3.859510000000000000e+06 1.678080000000000000e+06
             dtu_10mw_rwt_07.0.dat 0.000000000000000000e+00 5.071719999999999562e-01 6.904490100000000439e+02 7.000000000000000000e+00 7.321069999999999709e+04 9.531002099999997881e+03 -6.841269800000000032e+03 5.772569999999999709e+03 -5.634470000000000255e+03 -1.407920000000000073e+04 1.364550100000000020e+04 9.436630099999998578e+00 1.441659999999999942e+00 5.253360000000000000e+06 2.664620000000000000e+06
             dtu_10mw_rwt_08.0.dat 0.000000000000000000e+00 5.794569999999999999e-01 9.000009999999999764e+02 8.000000000000000000e+00 9.830560099999999511e+04 9.277512199999997392e+03 -5.999649500000000444e+03 7.445340299999999843e+03 -7.355210000000000036e+03 -1.811720000000000073e+04 1.409829999999999927e+04 9.431732699999999525e+00 1.438510100000000014e+00 6.856750000000000000e+06 3.973460000000000000e+06
             dtu_10mw_rwt_09.0.dat 0.000000000000000000e+00 6.514389999999999903e-01 1.135789999999999964e+03 9.000000000000000000e+00 1.263310099999999948e+05 1.163600899999999820e+04 -5.073789800000000469e+03 9.403970199999999750e+03 -9.296629899999999907e+03 -2.253049900000000343e+04 1.460670000000000073e+04 9.434560799999999858e+00 1.437970200000000087e+00 8.666780000000000000e+06 5.646230000000000000e+06
             dtu_10mw_rwt_10.0.dat 0.000000000000000000e+00 7.229999999999999760e-01 1.395839999999999918e+03 1.000000000000000000e+01 1.572950000000000000e+05 1.308086399999999048e+04 -4.036089400000000296e+03 1.154750100000000020e+04 -1.145300000000000000e+04 -2.729170000000000073e+04 1.526450200000000041e+04 9.442020299999999366e+00 1.437650000000000095e+00 1.067280000000000000e+07 7.716230099999999627e+06
             dtu_10mw_rwt_11.0.dat 1.611201199999999778e+00 8.113700000000000356e-01 1.590059999999999945e+03 1.100000000000000000e+01 2.004720199999999895e+05 3.866114099999998871e+04 -2.856178700000000390e+03 1.387710100000000057e+04 -1.323179999999999927e+04 -3.029158600000000297e+04 1.583850200000000041e+04 8.211410199999997772e+00 1.308380100000000157e+00 1.236850000000000000e+07 1.000140000000000000e+07
             dtu_10mw_rwt_12.0.dat 6.257510299999999859e+00 8.109690000000000509e-01 1.225160100000000057e+03 1.200000000000000000e+01 1.429770099999999802e+05 2.370395799999999144e+04 -4.439349600000000464e+03 1.349379999999999927e+04 -1.324339999999999964e+04 -2.377159900000000198e+04 1.579800100000000020e+04 5.169911299999999876e+00 9.604590999999998990e-01 1.235610000000000000e+07 1.000080000000000000e+07
             dtu_10mw_rwt_13.0.dat 8.822090100000000490e+00 8.109899999999999887e-01 1.071400000000000091e+03 1.300000000000000000e+01 1.233340199999999895e+05 2.184722399999999470e+04 -4.917515100000000530e+03 1.342489999999999964e+04 -1.324410000000000036e+04 -2.069490000000000146e+04 1.577570000000000073e+04 3.796531400000000112e+00 7.966760200000000403e-01 1.235500000000000000e+07 1.000080000000000000e+07
             dtu_10mw_rwt_14.0.dat 1.085149999999999970e+01 8.110540000000000527e-01 9.701839999999999691e+02 1.400000000000000000e+01 1.115080099999999948e+05 2.196822899999999572e+04 -5.148202700000000732e+03 1.340560000000000036e+04 -1.324189999999999964e+04 -1.850429699999999866e+04 1.572800000000000000e+04 2.832182200000000094e+00 6.776403799999999311e-01 1.235610100000000000e+07 1.000080000000000000e+07
             dtu_10mw_rwt_15.0.dat 1.260290099999999924e+01 8.111439999999999761e-01 8.947560499999999593e+02 1.500000000000000000e+01 1.021030099999999948e+05 2.044402799999999479e+04 -5.289997000000000298e+03 1.335750000000000000e+04 -1.324100000000000000e+04 -1.677799899999999980e+04 1.567240099999999984e+04 2.041190599999999744e+00 5.808423199999999120e-01 1.235580000000000000e+07 1.000090000000000000e+07
             dtu_10mw_rwt_16.0.dat 1.419289999999999985e+01 8.112500000000000266e-01 8.355230000000000246e+02 1.600000000000000000e+01 9.520920699999999488e+04 1.965950399999999718e+04 -5.351187300000000505e+03 1.331680099999999948e+04 -1.323870000000000073e+04 -1.531639999999999964e+04 1.560889999999999964e+04 1.379080100000000142e+00 4.983431699999999465e-01 1.235630000000000000e+07 1.000110000000000000e+07
             dtu_10mw_rwt_17.0.dat 1.566699999999999982e+01 8.113660000000000316e-01 7.874570099999999684e+02 1.700000000000000000e+01 8.967743199999998615e+04 1.882430399999999645e+04 -5.357119800000000396e+03 1.328460299999999916e+04 -1.323500000000000000e+04 -1.400559900000000016e+04 1.553420099999999911e+04 7.981171099999996299e-01 4.258210700000000237e-01 1.235730000000000000e+07 1.000130000000000000e+07
             dtu_10mw_rwt_18.0.dat 1.705310000000000059e+01 8.114890000000000159e-01 7.474760300000000370e+02 1.800000000000000000e+01 8.526312500000001455e+04 1.804991300000000047e+04 -5.323248999999999796e+03 1.324850299999999879e+04 -1.323060000000000036e+04 -1.283549899999999980e+04 1.545039999999999964e+04 2.799426299999999146e-01 3.613800400000000135e-01 1.235850100000000000e+07 1.000150000000000000e+07
             dtu_10mw_rwt_19.0.dat 1.837140100000000231e+01 8.115860000000000296e-01 7.135650399999999536e+02 1.900000000000000000e+01 8.188680400000000373e+04 1.805770500000000175e+04 -5.250998000000000502e+03 1.322089999999999964e+04 -1.322660000000000036e+04 -1.178109699999999975e+04 1.536020099999999911e+04 -1.897637500000003419e-01 3.043000699999999781e-01 1.236030100000000000e+07 1.000170000000000000e+07
             dtu_10mw_rwt_20.0.dat 1.963029999999999831e+01 8.116700000000000026e-01 6.845529999999999973e+02 2.000000000000000000e+01 7.902490699999999197e+04 1.733046799999998984e+04 -5.167829899999999725e+03 1.318150100000000020e+04 -1.322350000000000000e+04 -1.082010000000000036e+04 1.526420099999999911e+04 -6.184895400000002263e-01 2.535490800000000378e-01 1.236130000000000000e+07 1.000180000000000000e+07
             dtu_10mw_rwt_21.0.dat 2.084009999999999962e+01 8.117250000000000298e-01 6.595970099999999547e+02 2.100000000000000000e+01 7.662311500000000524e+04 1.636823199999999451e+04 -5.059119300000000294e+03 1.313679999999999927e+04 -1.322229900000000089e+04 -9.933539399999999659e+03 1.516210199999999895e+04 -1.014127700000000187e+00 2.072640500000000052e-01 1.236190000000000000e+07 1.000180000000000000e+07
             dtu_10mw_rwt_22.0.dat 2.200969999999999871e+01 8.117760100000001033e-01 6.382010099999999966e+02 2.200000000000000000e+01 7.480422400000000198e+04 1.580182499999999527e+04 -4.924149300000000039e+03 1.310450000000000000e+04 -1.322039999999999964e+04 -9.107117900000001100e+03 1.505189999999999964e+04 -1.356319800000000075e+00 1.649760100000000063e-01 1.236280000000000000e+07 1.000180000000000000e+07
             dtu_10mw_rwt_23.0.dat 2.314199999999999946e+01 8.118220000000000436e-01 6.198320300000000316e+02 2.300000000000000000e+01 7.353200299999999697e+04 1.573323399999999492e+04 -4.767526000000000749e+03 1.307789999999999964e+04 -1.321870000000000073e+04 -8.331908699999999953e+03 1.493160100000000057e+04 -1.661299899999999941e+00 1.261820499999999901e-01 1.236410000000000000e+07 1.000180000000000000e+07
             dtu_10mw_rwt_24.0.dat 2.424099999999999966e+01 8.118729999999999558e-01 6.041420000000000528e+02 2.400000000000000000e+01 7.269823799999998300e+04 1.607482799999999588e+04 -4.596098899999999958e+03 1.306289999999999964e+04 -1.321639999999999964e+04 -7.599769800000000032e+03 1.480230199999999968e+04 -1.942339599999999944e+00 9.043783099999999631e-02 1.236570000000000000e+07 1.000200000000000000e+07
