Statistics: std. Generated: 09/11/2021 19:37:55. No. files: 20.
                              File                       4                      10                      13                      15                      17                      18                      20                      21                      25                      26                      27                      61                      64                      70                     100
             dtu_10mw_rwt_05.0.dat 0.000000000000000000e+00 8.480665273725659405e-05 1.509828764074836904e+00 0.000000000000000000e+00 1.405675338171619444e+02 5.735866062683176096e+02 1.130824995981101750e+02 1.282668873400734810e+01 1.283974658774464706e+00 4.059506647543879581e+02 8.530941894989149660e+03 1.292184251216221824e-01 1.393658717405914065e-02 1.381234545974632738e+03 6.973330674193626919e+02
             dtu_10mw_rwt_06.0.dat 0.000000000000000000e+00 9.996801188629080926e-05 2.110717305758266882e+00 0.000000000000000000e+00 2.530767652110829715e+02 7.233885371183164352e+02 1.583649479283060373e+02 1.668046203232869473e+01 1.690275822987184151e+00 3.910078002163304518e+02 8.531003484442820991e+03 1.500993269338606884e-01 1.609375629821104686e-02 1.814183443017546779e+03 1.080807478691741835e+03
             dtu_10mw_rwt_07.0.dat 0.000000000000000000e+00 9.733334312556875462e-05 2.645134083659234303e+00 0.000000000000000000e+00 4.775182045042554932e+02 2.149475179396592011e+03 2.144855021387901388e+02 4.761661437612665537e+01 3.222955320836413673e+00 3.874710746826271475e+02 8.567822394849548800e+03 1.747126113873822828e-01 1.856589232557893931e-02 2.612232650373239721e+03 1.804657455800130492e+03
             dtu_10mw_rwt_08.0.dat 0.000000000000000000e+00 1.265189529352826281e-04 3.465281527379975302e+00 0.000000000000000000e+00 4.077429308354061277e+02 1.002630492831083870e+03 2.664680764160535205e+02 2.015322934347058492e+01 4.068508146610496645e+00 3.913013230410517167e+02 8.540362948203379347e+03 2.031779483346144166e-01 2.144450634018130186e-02 4.183823077939601717e+03 3.264262887122259599e+03
             dtu_10mw_rwt_09.0.dat 0.000000000000000000e+00 1.408924645764895209e-04 4.472136929136198091e+00 0.000000000000000000e+00 3.587574904340813760e+02 1.220158951403893752e+03 3.239317969299903552e+02 2.598903361437916359e+01 4.668192679399170153e+00 4.016320372249174966e+02 8.576541750890824915e+03 2.343533510128753550e-01 2.459948209909874894e-02 4.906844378151705314e+03 4.248536310777983999e+03
             dtu_10mw_rwt_10.0.dat 0.000000000000000000e+00 1.628188186959980243e-04 5.644049926146915475e+00 0.000000000000000000e+00 4.096583157062449914e+02 9.615832450292072053e+02 3.996022853472105112e+02 2.226128758984922484e+01 5.394317032245598220e+00 4.155825183469087847e+02 8.559938049724392840e+03 2.686246831179499583e-01 2.804018788909043436e-02 4.921840346008797496e+03 4.663777110034205180e+03
             dtu_10mw_rwt_11.0.dat 1.701743383883275174e-01 4.680834924950463155e-04 9.705059270547694794e+00 0.000000000000000000e+00 1.414880870753982890e+04 1.692685825600725730e+04 6.815841661782934580e+02 3.938935876368799427e+02 1.979139043991036218e+01 5.079538501506035004e+02 8.556955307096781326e+03 2.891026946337600378e-01 3.197816219365277879e-02 1.904667917742093050e+04 6.383512975775955738e+02
             dtu_10mw_rwt_12.0.dat 4.648856616384394735e-02 2.003240407327837791e-04 8.685976210507602602e+00 0.000000000000000000e+00 3.973581470702518800e+03 6.775092491368846822e+03 5.138133353567645827e+02 1.561523945657445722e+02 1.103080009593139366e+01 4.220023389533843670e+02 8.585535536576579034e+03 2.561948903932614319e-01 2.956731447638064406e-02 9.873963847258861279e+03 3.737298555695009554e+02
             dtu_10mw_rwt_13.0.dat 3.095746607481329390e-02 2.292789493430218606e-04 9.117104395555079677e+00 0.000000000000000000e+00 2.599019456926145722e+03 5.098499218798793663e+03 5.339719000759387200e+02 1.170096716900913947e+02 1.008290960475199327e+01 4.586912918514727266e+02 8.503161140315212833e+03 2.490777154991133113e-01 2.969969416235587398e-02 8.488064140861271881e+03 3.913583191625673976e+02
             dtu_10mw_rwt_14.0.dat 2.698131312959952538e-02 2.676376839169653638e-04 9.710537288259017075e+00 0.000000000000000000e+00 2.258448130367606609e+03 4.834333045498989122e+03 5.671181667671340847e+02 1.107468944703732063e+02 1.088041285877976527e+01 4.880851671914480789e+02 8.525576121425883684e+03 2.532085789987665314e-01 2.995717928736578786e-02 8.688033838418219602e+03 4.553872946833277524e+02
             dtu_10mw_rwt_15.0.dat 2.158287085569885258e-02 3.117345707665418659e-04 1.043561354614188019e+01 0.000000000000000000e+00 1.727448529089389694e+03 3.890413656261169763e+03 5.952553476357958289e+02 8.890567972963130217e+01 1.136034633054820198e+01 5.291135675958527145e+02 8.498059762227863757e+03 2.561481073721847967e-01 3.078120058813109405e-02 8.272493688598378867e+03 5.383429621623653247e+02
             dtu_10mw_rwt_16.0.dat 1.885624835417626377e-02 3.631326708726576708e-04 1.129307921523708025e+01 0.000000000000000000e+00 1.417051840178718294e+03 3.272248445153174998e+03 6.295655436619844068e+02 7.466851439983523164e+01 1.270892346179545385e+01 5.771764179640251768e+02 8.433024254660447696e+03 2.624902687752766473e-01 3.145204390410299283e-02 8.414507202134596810e+03 6.478211916399076244e+02
             dtu_10mw_rwt_17.0.dat 1.735028655691599545e-02 4.204146032391237230e-04 1.210062107958128585e+01 0.000000000000000000e+00 1.223627227344512903e+03 2.836099368087732728e+03 6.615627733000471835e+02 6.475938874720715432e+01 1.475429619797230529e+01 6.338852991211289236e+02 8.377929839363174324e+03 2.705765473341434912e-01 3.244727609036290872e-02 8.892683140817231106e+03 7.910430358147400511e+02
             dtu_10mw_rwt_18.0.dat 1.633063546808880342e-02 4.804708679170650800e-04 1.286830378816785547e+01 0.000000000000000000e+00 1.058734413807956798e+03 2.398849301919949539e+03 6.915460334431312504e+02 5.483781709337065990e+01 1.701308865266974379e+01 6.988896627451531458e+02 8.329816929826911291e+03 2.803388088977574188e-01 3.412009539275992487e-02 9.544028263532123674e+03 9.421672448514648295e+02
             dtu_10mw_rwt_19.0.dat 1.623814791963359289e-02 5.338287725767412685e-04 1.355930542663372584e+01 0.000000000000000000e+00 1.022341308252186309e+03 2.279732091960613161e+03 7.214558328670319725e+02 5.202436356675566742e+01 1.898205484997870229e+01 7.709396485886759365e+02 8.279772057523316107e+03 2.925450775778125623e-01 3.570437318551285960e-02 1.036165588667057636e+04 1.062902888275311852e+03
             dtu_10mw_rwt_20.0.dat 1.581868782927333197e-02 5.860153734683414906e-04 1.434969232560594143e+01 0.000000000000000000e+00 9.269469087966705274e+02 1.853047806227572664e+03 7.460794776336636005e+02 4.240675210970270825e+01 2.054653187720436591e+01 8.501315314986120484e+02 8.227741954187444207e+03 3.068439466348774070e-01 3.745816788913736844e-02 1.102510669404042528e+04 1.153808337476809811e+03
             dtu_10mw_rwt_21.0.dat 1.569369273021489070e-02 6.304071984452909450e-04 1.515891279837653371e+01 0.000000000000000000e+00 8.601714517402655247e+02 1.373627161493569474e+03 7.709460315841179181e+02 3.160951045350117639e+01 2.122230133889289405e+01 9.365444120026502333e+02 8.172831275225186801e+03 3.229958274601210655e-01 3.945658539538000886e-02 1.158817497361426831e+04 1.183529659526853720e+03
             dtu_10mw_rwt_22.0.dat 1.608140938924121008e-02 6.763199589079844703e-04 1.596660943510298836e+01 0.000000000000000000e+00 8.672201901720029582e+02 1.149224508685026422e+03 7.973444163034375833e+02 2.631543789008839695e+01 2.196215991317566107e+01 1.030209221105786128e+03 8.114082871032942421e+03 3.408723776281515905e-01 4.168258913249505565e-02 1.230753083564692861e+04 1.209379318186709497e+03
             dtu_10mw_rwt_23.0.dat 1.667665933068131212e-02 7.233223237099141098e-04 1.677124991130810017e+01 0.000000000000000000e+00 9.132669600259378058e+02 1.104514474285139613e+03 8.235350884586277971e+02 2.490622797492827800e+01 2.269885205109499893e+01 1.130406471106736490e+03 8.050694950045094629e+03 3.602323114803619997e-01 4.410596940067802729e-02 1.309171438997868427e+04 1.240399854575531435e+03
             dtu_10mw_rwt_24.0.dat 1.748525693820296434e-02 7.751316840812780360e-04 1.760490166017036273e+01 0.000000000000000000e+00 9.826275784745656665e+02 1.242413145182704966e+03 8.482722617718488891e+02 2.753073455289152349e+01 2.346399857635308805e+01 1.237710485930017967e+03 7.986075027006705568e+03 3.808191513653351734e-01 4.669725003450189010e-02 1.399593031654559127e+04 1.268171445031684016e+03
