Statistics: p01. Generated: 09/11/2021 19:37:55. No. files: 20.
                              File                       4                      10                      13                      15                      17                      18                      20                      21                      25                      26                      27                      61                      64                      70                     100
             dtu_10mw_rwt_05.0.dat 0.000000000000000000e+00 3.619829999999999992e-01 3.471730000000000018e+02 5.000000000000000000e+00 3.182809599999999773e+04 1.463871800000000121e+03 -8.774709999999999127e+03 2.867989900000000034e+03 -2.881099999999999909e+03 -8.693930099999999584e+03 -1.123910000000000036e+04 9.046109900000001147e+00 1.400689999999999991e+00 2.673790000000000000e+06 9.678800000000000000e+05
             dtu_10mw_rwt_06.0.dat 0.000000000000000000e+00 4.344480000000000008e-01 5.002839999999999918e+02 6.000000000000000000e+00 5.012139900000000489e+04 2.304313000000000102e+03 -8.269800099999998565e+03 4.134170000000000073e+03 -4.149350000000000364e+03 -1.172960000000000036e+04 -1.090710099999999875e+04 8.971919800000001999e+00 1.392830000000000013e+00 3.851299899999999907e+06 1.673180000000000000e+06
             dtu_10mw_rwt_07.0.dat 0.000000000000000000e+00 5.068449999999999900e-01 6.808329999999999700e+02 7.000000000000000000e+00 7.160969299999998475e+04 1.179647600000000239e+03 -7.687160099999999147e+03 5.589119899999999689e+03 -5.648900099999999838e+03 -1.527089999999999964e+04 -1.045629999999999927e+04 8.867449999999999832e+00 1.382179999999999964e+00 5.241710000000000000e+06 2.656560000000000000e+06
             dtu_10mw_rwt_08.0.dat 0.000000000000000000e+00 5.790260000000000407e-01 8.874529999999999745e+02 8.000000000000000000e+00 9.698429899999999907e+04 4.639841099999999642e+03 -6.981760199999999713e+03 7.351509399999999914e+03 -7.372310200000000805e+03 -1.930909999999999854e+04 -1.006640099999999984e+04 8.761540000000000106e+00 1.370929999999999982e+00 6.840240000000000000e+06 3.960570000000000000e+06
             dtu_10mw_rwt_09.0.dat 0.000000000000000000e+00 6.509719999999999951e-01 1.119150000000000091e+03 9.000000000000000000e+00 1.249129899999999907e+05 5.859993900000000394e+03 -6.217410399999999754e+03 9.279899699999999939e+03 -9.317860200000000987e+03 -2.374029999999999927e+04 -9.576781000000000859e+03 8.645589800000001546e+00 1.358749999999999902e+00 8.645089799999998882e+06 5.627359800000000745e+06
             dtu_10mw_rwt_10.0.dat 0.000000000000000000e+00 7.224479999999999791e-01 1.374240000000000009e+03 1.000000000000000000e+01 1.556000000000000000e+05 8.369397600000000239e+03 -5.458960600000000341e+03 1.144389899999999943e+04 -1.147729999999999927e+04 -2.853570100000000093e+04 -8.941330299999999625e+03 8.504329900000000109e+00 1.344030000000000058e+00 1.065210000000000000e+07 7.696299899999999441e+06
             dtu_10mw_rwt_11.0.dat 1.069009899999999957e+00 8.097089800000000226e-01 1.546669900000000098e+03 1.100000000000000000e+01 1.565639700000000012e+05 -1.377844299999999930e+04 -5.707290199999999459e+03 1.265509900000000016e+04 -1.330020100000000093e+04 -3.256091000000000349e+04 -8.454602100000000064e+03 7.148989900000001008e+00 1.195230000000000015e+00 1.230650000000000000e+07 9.998670000000000000e+06
             dtu_10mw_rwt_12.0.dat 6.087950000000000195e+00 8.101490000000000080e-01 1.189710000000000036e+03 1.200000000000000000e+01 1.295679499999999971e+05 1.133805800000000090e+03 -6.501514900000000125e+03 1.297010000000000036e+04 -1.328810000000000036e+04 -2.532590700000000288e+04 -8.457430399999999281e+03 4.258439700000000272e+00 8.608899400000000757e-01 1.231860000000000000e+07 9.999040000000000000e+06
             dtu_10mw_rwt_13.0.dat 8.699829899999999228e+00 8.101220000000000088e-01 1.035559899999999971e+03 1.300000000000000000e+01 1.136729700000000012e+05 3.226597999999999502e+03 -6.976821199999999408e+03 1.299689999999999964e+04 -1.328760000000000036e+04 -2.225160399999999936e+04 -8.462520900000001348e+03 2.909469899999999498e+00 6.974649900000000624e-01 1.232010000000000000e+07 9.998990000000000000e+06
             dtu_10mw_rwt_14.0.dat 1.073910000000000053e+01 8.100519999999999943e-01 9.324899799999999459e+02 1.400000000000000000e+01 1.025059900000000052e+05 3.201414899999999761e+03 -7.303551000000000386e+03 1.298199899999999980e+04 -1.328970000000000073e+04 -2.008100300000000061e+04 -8.453841099999999642e+03 1.934259800000000196e+00 5.786509899999999762e-01 1.231900000000000000e+07 9.998870000000000000e+06
             dtu_10mw_rwt_15.0.dat 1.251060000000000016e+01 8.099540000000000628e-01 8.549649600000000191e+02 1.500000000000000000e+01 9.494716700000000128e+04 4.620880400000000009e+03 -7.503254899999999907e+03 1.299159900000000198e+04 -1.329089999999999964e+04 -1.838009999999999854e+04 -8.440030200000001059e+03 1.143480000000000052e+00 4.806989999999999874e-01 1.231940000000000000e+07 9.998770000000000000e+06
             dtu_10mw_rwt_16.0.dat 1.411059999999999981e+01 8.098389999999999755e-01 7.931599199999999428e+02 1.600000000000000000e+01 8.897097999999999593e+04 5.795473200000000361e+03 -7.654270500000000538e+03 1.299979899999999907e+04 -1.329339999999999964e+04 -1.705890000000000146e+04 -8.423141899999998714e+03 4.649159500000000222e-01 3.968419999999999725e-01 1.231890000000000000e+07 9.998650000000000000e+06
             dtu_10mw_rwt_17.0.dat 1.559259999999999913e+01 8.097039999999999793e-01 7.424119400000000724e+02 1.700000000000000000e+01 8.425198900000000140e+04 6.329868699999999990e+03 -7.746941699999999400e+03 1.299200000000000000e+04 -1.329670000000000073e+04 -1.596290200000000004e+04 -8.402550499999999374e+03 -1.332150800000000135e-01 3.225979800000000064e-01 1.231820000000000000e+07 9.998530000000000000e+06
             dtu_10mw_rwt_18.0.dat 1.698509999999999920e+01 8.095630000000000326e-01 6.999359600000000228e+02 1.800000000000000000e+01 8.042688999999998487e+04 7.165987199999999575e+03 -7.799513100000000122e+03 1.299539700000000084e+04 -1.330079999999999927e+04 -1.503230099999999948e+04 -8.376820299999999406e+03 -6.697340700000000702e-01 2.549250000000000127e-01 1.231710000000000000e+07 9.998410000000000000e+06
             dtu_10mw_rwt_19.0.dat 1.830499999999999972e+01 8.094379999999999908e-01 6.636869899999999234e+02 1.900000000000000000e+01 7.718698200000000361e+04 7.313581599999999526e+03 -7.827410799999999654e+03 1.298299899999999980e+04 -1.330460000000000036e+04 -1.422339999999999964e+04 -8.345870100000000093e+03 -1.157419999999999893e+00 1.933969900000000186e-01 1.231560000000000000e+07 9.998250000000000000e+06
             dtu_10mw_rwt_20.0.dat 1.956940000000000168e+01 8.093219999999999859e-01 6.322179899999999861e+02 2.000000000000000000e+01 7.479699000000000524e+04 8.354872400000000198e+03 -7.814930199999999786e+03 1.298300000000000000e+04 -1.330679999999999927e+04 -1.350810000000000036e+04 -8.307160099999999147e+03 -1.606380099999999977e+00 1.367649999999999977e-01 1.231480000000000000e+07 9.998080000000000000e+06
             dtu_10mw_rwt_21.0.dat 2.078539999999999921e+01 8.092350000000000376e-01 6.048700000000000045e+02 2.100000000000000000e+01 7.299589500000000407e+04 9.670873299999999290e+03 -7.772350700000000870e+03 1.298699899999999980e+04 -1.330779999999999927e+04 -1.286960199999999895e+04 -8.260001500000000306e+03 -2.023649999999999949e+00 8.416709199999998503e-02 1.231450000000000000e+07 9.997980000000000000e+06
             dtu_10mw_rwt_22.0.dat 2.195710000000000051e+01 8.091500000000000359e-01 5.809039899999999079e+02 2.200000000000000000e+01 7.140849899999999616e+04 1.021648000000000138e+04 -7.717991299999999683e+03 1.297699899999999980e+04 -1.330910000000000036e+04 -1.230220000000000073e+04 -8.204810999999999694e+03 -2.413050000000000139e+00 3.508149000000000683e-02 1.231390000000000000e+07 9.997829900000000373e+06
             dtu_10mw_rwt_23.0.dat 2.308899999999999864e+01 8.090659900000000126e-01 5.598189999999999600e+02 2.300000000000000000e+01 7.008929300000000512e+04 1.040387999999999920e+04 -7.649540100000000166e+03 1.295689999999999964e+04 -1.331070000000000073e+04 -1.179550100000000020e+04 -8.142481299999999464e+03 -2.776740000000000208e+00 -1.075480500000000096e-02 1.231310000000000000e+07 9.997720000000000000e+06
             dtu_10mw_rwt_24.0.dat 2.418459999999999965e+01 8.089830000000000076e-01 5.412079800000000205e+02 2.400000000000000000e+01 6.896318799999999464e+04 9.922537999999998647e+03 -7.568490499999999884e+03 1.292920000000000073e+04 -1.331279999999999927e+04 -1.134030099999999948e+04 -8.067690299999999297e+03 -3.117040299999999764e+00 -5.362390200000000107e-02 1.231200000000000000e+07 9.997630000000000000e+06
