Statistics: min. Generated: 09/11/2021 19:37:55. No. files: 20.
                              File                       4                      10                      13                      15                      17                      18                      20                      21                      25                      26                      27                      61                      64                      70                     100
             dtu_10mw_rwt_05.0.dat 0.000000000000000000e+00 3.619809999999999972e-01 3.471309999999999718e+02 5.000000000000000000e+00 3.178590000000000146e+04 1.178740000000000009e+03 -8.778059999999999491e+03 2.864960000000000036e+03 -2.881409999999999854e+03 -8.697489999999999782e+03 -1.124410000000000036e+04 9.041489999999999583e+00 1.400179999999999980e+00 2.673350000000000000e+06 9.676810000000000000e+05
             dtu_10mw_rwt_06.0.dat 0.000000000000000000e+00 4.344459999999999988e-01 5.002149999999999750e+02 6.000000000000000000e+00 5.004909999999999854e+04 1.957680000000000064e+03 -8.274440000000000509e+03 4.130130000000000109e+03 -4.150380000000000109e+03 -1.173489999999999964e+04 -1.091379999999999927e+04 8.969799999999999329e+00 1.392549999999999955e+00 3.850710000000000000e+06 1.672860000000000000e+06
             dtu_10mw_rwt_07.0.dat 0.000000000000000000e+00 5.068409999999999860e-01 6.807250000000000227e+02 7.000000000000000000e+00 7.155810000000000582e+04 9.762350000000000136e+02 -7.691770000000000437e+03 5.585729999999999563e+03 -5.649640000000000327e+03 -1.527520000000000073e+04 -1.046070000000000073e+04 8.863730000000000331e+00 1.381820000000000048e+00 5.241490000000000000e+06 2.656280000000000000e+06
             dtu_10mw_rwt_08.0.dat 0.000000000000000000e+00 5.790189999999999504e-01 8.873029999999999973e+02 8.000000000000000000e+00 9.688930000000000291e+04 4.230430000000000291e+03 -6.989819999999999709e+03 7.340460000000000036e+03 -7.374550000000000182e+03 -1.931570000000000073e+04 -1.007420000000000073e+04 8.757030000000000314e+00 1.370470000000000077e+00 6.838670000000000000e+06 3.959220000000000000e+06
             dtu_10mw_rwt_09.0.dat 0.000000000000000000e+00 6.509610000000000118e-01 1.118910000000000082e+03 9.000000000000000000e+00 1.247810000000000000e+05 4.974489999999999782e+03 -6.227869999999999891e+03 9.261459999999999127e+03 -9.321350000000000364e+03 -2.375020000000000073e+04 -9.586819999999999709e+03 8.642120000000000246e+00 1.358309999999999906e+00 8.642670000000000000e+06 5.625380000000000000e+06
             dtu_10mw_rwt_10.0.dat 0.000000000000000000e+00 7.224380000000000246e-01 1.374000000000000000e+03 1.000000000000000000e+01 1.554810000000000000e+05 7.835869999999999891e+03 -5.466810000000000400e+03 1.142979999999999927e+04 -1.148339999999999964e+04 -2.854350000000000000e+04 -8.951540000000000873e+03 8.501419999999999533e+00 1.343739999999999934e+00 1.065030000000000000e+07 7.693940000000000000e+06
             dtu_10mw_rwt_11.0.dat 1.045979999999999910e+00 8.095839999999999703e-01 1.542950000000000045e+03 1.100000000000000000e+01 1.554020000000000000e+05 -1.495760000000000036e+04 -5.801229999999999563e+03 1.261789999999999964e+04 -1.330660000000000036e+04 -3.271329999999999927e+04 -8.521909999999999854e+03 7.130600000000000271e+00 1.193629999999999969e+00 1.230370000000000000e+07 9.998280000000000000e+06
             dtu_10mw_rwt_12.0.dat 6.080079999999999707e+00 8.101030000000000175e-01 1.187839999999999918e+03 1.200000000000000000e+01 1.284510000000000000e+05 1.467589999999999861e+02 -6.576590000000000146e+03 1.295450000000000000e+04 -1.329200000000000000e+04 -2.541520000000000073e+04 -8.489719999999999345e+03 4.249390000000000001e+00 8.600309999999999899e-01 1.231560000000000000e+07 9.998780000000000000e+06
             dtu_10mw_rwt_13.0.dat 8.689510000000000289e+00 8.100920000000000343e-01 1.033859999999999900e+03 1.300000000000000000e+01 1.129200000000000000e+05 2.416030000000000200e+03 -7.035460000000000036e+03 1.296939999999999964e+04 -1.329339999999999964e+04 -2.232409999999999854e+04 -8.485270000000000437e+03 2.904609999999999914e+00 6.970840000000000369e-01 1.231710000000000000e+07 9.998750000000000000e+06
             dtu_10mw_rwt_14.0.dat 1.072979999999999912e+01 8.100220000000000198e-01 9.306440000000000055e+02 1.400000000000000000e+01 1.016460000000000000e+05 2.076719999999999800e+03 -7.371699999999999818e+03 1.295170000000000073e+04 -1.329439999999999964e+04 -2.018990000000000146e+04 -8.480100000000000364e+03 1.930960000000000010e+00 5.782270000000000465e-01 1.231500000000000000e+07 9.998590000000000000e+06
             dtu_10mw_rwt_15.0.dat 1.250140000000000029e+01 8.099300000000000388e-01 8.533719999999999573e+02 1.500000000000000000e+01 9.433230000000000291e+04 3.994039999999999964e+03 -7.560460000000000036e+03 1.296860000000000036e+04 -1.329870000000000073e+04 -1.842490000000000146e+04 -8.458309999999999491e+03 1.140139999999999931e+00 4.802810000000000135e-01 1.231530000000000000e+07 9.998520000000000000e+06
             dtu_10mw_rwt_16.0.dat 1.410500000000000043e+01 8.098039999999999683e-01 7.915049999999999955e+02 1.600000000000000000e+01 8.795500000000000000e+04 4.235420000000000073e+03 -7.721460000000000036e+03 1.298370000000000073e+04 -1.330010000000000036e+04 -1.709120000000000073e+04 -8.440500000000000000e+03 4.613530000000000131e-01 3.963789999999999814e-01 1.231410000000000000e+07 9.998370000000000000e+06
             dtu_10mw_rwt_17.0.dat 1.558559999999999945e+01 8.096609999999999641e-01 7.410099999999999909e+02 1.700000000000000000e+01 8.357439999999999418e+04 5.219720000000000255e+03 -7.820569999999999709e+03 1.297189999999999964e+04 -1.330450000000000000e+04 -1.600320000000000073e+04 -8.419190000000000509e+03 -1.373520000000000019e-01 3.221289999999999987e-01 1.231170000000000000e+07 9.998300000000000000e+06
             dtu_10mw_rwt_18.0.dat 1.697759999999999891e+01 8.095139999999999558e-01 6.985829999999999700e+02 1.800000000000000000e+01 7.984089999999999418e+04 6.552189999999999600e+03 -7.847250000000000000e+03 1.296420000000000073e+04 -1.330889999999999964e+04 -1.506939999999999964e+04 -8.392090000000000146e+03 -6.732789999999999608e-01 2.545410000000000172e-01 1.231310000000000000e+07 9.998240000000000000e+06
             dtu_10mw_rwt_19.0.dat 1.829739999999999966e+01 8.093820000000000459e-01 6.622590000000000146e+02 1.900000000000000000e+01 7.652600000000000000e+04 6.494079999999999927e+03 -7.876329999999999927e+03 1.294370000000000073e+04 -1.331250000000000000e+04 -1.425950000000000000e+04 -8.361290000000000873e+03 -1.160719999999999974e+00 1.930530000000000024e-01 1.231110000000000000e+07 9.998010000000000000e+06
             dtu_10mw_rwt_20.0.dat 1.956309999999999860e+01 8.092669999999999586e-01 6.309210000000000491e+02 2.000000000000000000e+01 7.415410000000000582e+04 7.198989999999999782e+03 -7.863039999999999964e+03 1.294810000000000036e+04 -1.331270000000000073e+04 -1.353820000000000073e+04 -8.321290000000000873e+03 -1.609250000000000069e+00 1.364559999999999940e-01 1.231060000000000000e+07 9.997860000000000000e+06
             dtu_10mw_rwt_21.0.dat 2.078200000000000003e+01 8.091930000000000511e-01 6.037549999999999955e+02 2.100000000000000000e+01 7.232200000000000000e+04 8.399719999999999345e+03 -7.820470000000000255e+03 1.296710000000000036e+04 -1.331110000000000036e+04 -1.288939999999999964e+04 -8.272909999999999854e+03 -2.025739999999999874e+00 8.392059999999999798e-02 1.231070000000000000e+07 9.997840000000000000e+06
             dtu_10mw_rwt_22.0.dat 2.195410000000000039e+01 8.091150000000000286e-01 5.799859999999999900e+02 2.200000000000000000e+01 7.079480000000000291e+04 9.411610000000000582e+03 -7.762949999999999818e+03 1.295860000000000036e+04 -1.331220000000000073e+04 -1.231520000000000073e+04 -8.217389999999999418e+03 -2.415119999999999933e+00 3.485900000000000110e-02 1.231020000000000000e+07 9.997710000000000000e+06
             dtu_10mw_rwt_23.0.dat 2.308579999999999899e+01 8.090279999999999694e-01 5.590230000000000246e+02 2.300000000000000000e+01 6.961860000000000582e+04 9.870450000000000728e+03 -7.688159999999999854e+03 1.293710000000000036e+04 -1.331400000000000000e+04 -1.180779999999999927e+04 -8.154539999999999964e+03 -2.778840000000000199e+00 -1.098080000000000063e-02 1.230930000000000000e+07 9.997610000000000000e+06
             dtu_10mw_rwt_24.0.dat 2.417980000000000018e+01 8.089309999999999556e-01 5.402960000000000491e+02 2.400000000000000000e+01 6.851380000000000291e+04 9.073889999999999418e+03 -7.608510000000000218e+03 1.289310000000000036e+04 -1.331789999999999964e+04 -1.135350000000000000e+04 -8.079939999999999600e+03 -3.119549999999999823e+00 -5.390199999999999853e-02 1.230840000000000000e+07 9.997490000000000000e+06
