Statistics: max. Generated: 09/11/2021 19:37:55. No. files: 20.
                              File                       4                      10                      13                      15                      17                      18                      20                      21                      25                      26                      27                      61                      64                      70                     100
             dtu_10mw_rwt_05.0.dat 0.000000000000000000e+00 3.622960000000000069e-01 3.523509999999999991e+02 5.000000000000000000e+00 3.242850000000000000e+04 4.311359999999999673e+03 -8.291469999999999345e+03 2.932840000000000146e+03 -2.874869999999999891e+03 -7.483659999999999854e+03 1.286820000000000073e+04 9.522330000000000183e+00 1.450669999999999904e+00 2.680740000000000000e+06 9.713330000000000000e+05
             dtu_10mw_rwt_06.0.dat 0.000000000000000000e+00 4.347860000000000058e-01 5.076549999999999727e+02 6.000000000000000000e+00 5.112300000000000000e+04 5.947119999999999891e+03 -7.623569999999999709e+03 4.222380000000000109e+03 -4.140560000000000400e+03 -1.052900000000000000e+04 1.322560000000000036e+04 9.491910000000000736e+00 1.447440000000000060e+00 3.860950000000000000e+06 1.678950000000000000e+06
             dtu_10mw_rwt_07.0.dat 0.000000000000000000e+00 5.071759999999999602e-01 6.905180000000000291e+02 7.000000000000000000e+00 7.322589999999999418e+04 9.718700000000000728e+03 -6.832510000000000218e+03 5.779520000000000437e+03 -5.633439999999999600e+03 -1.407579999999999927e+04 1.365250000000000000e+04 9.441420000000000812e+00 1.442120000000000068e+00 5.253760000000000000e+06 2.664940000000000000e+06
             dtu_10mw_rwt_08.0.dat 0.000000000000000000e+00 5.794639999999999791e-01 9.000890000000000555e+02 8.000000000000000000e+00 9.835200000000000000e+04 9.650469999999999345e+03 -5.988399999999999636e+03 7.452699999999999818e+03 -7.352729999999999563e+03 -1.811070000000000073e+04 1.410360000000000036e+04 9.448240000000000194e+00 1.440059999999999896e+00 6.858260000000000000e+06 3.974940000000000000e+06
             dtu_10mw_rwt_09.0.dat 0.000000000000000000e+00 6.514489999999999448e-01 1.135920000000000073e+03 9.000000000000000000e+00 1.264370000000000000e+05 1.234929999999999927e+04 -5.057520000000000437e+03 9.418750000000000000e+03 -9.292649999999999636e+03 -2.252120000000000073e+04 1.461279999999999927e+04 9.452609999999999957e+00 1.439629999999999965e+00 8.669470000000000000e+06 5.648940000000000000e+06
             dtu_10mw_rwt_10.0.dat 0.000000000000000000e+00 7.230090000000000128e-01 1.395940000000000055e+03 1.000000000000000000e+01 1.573630000000000000e+05 1.357379999999999927e+04 -4.020780000000000200e+03 1.156450000000000000e+04 -1.144829999999999927e+04 -2.727520000000000073e+04 1.527110000000000036e+04 9.459260000000000446e+00 1.439240000000000075e+00 1.067590000000000000e+07 7.720060000000000000e+06
             dtu_10mw_rwt_11.0.dat 1.630489999999999995e+00 8.114810000000000079e-01 1.591230000000000018e+03 1.100000000000000000e+01 2.013020000000000000e+05 3.984830000000000291e+04 -2.624409999999999854e+03 1.393100000000000000e+04 -1.322700000000000000e+04 -2.998470000000000073e+04 1.590650000000000000e+04 8.363120000000000331e+00 1.322619999999999907e+00 1.237230000000000000e+07 1.000160000000000000e+07
             dtu_10mw_rwt_12.0.dat 6.268169999999999575e+00 8.110150000000000414e-01 1.225799999999999955e+03 1.200000000000000000e+01 1.436210000000000000e+05 2.466750000000000000e+04 -4.304659999999999854e+03 1.352710000000000036e+04 -1.323910000000000036e+04 -2.373309999999999854e+04 1.583670000000000073e+04 5.248020000000000351e+00 9.683199999999999585e-01 1.235930000000000000e+07 1.000100000000000000e+07
             dtu_10mw_rwt_13.0.dat 8.830120000000000857e+00 8.110150000000000414e-01 1.072160000000000082e+03 1.300000000000000000e+01 1.239580000000000000e+05 2.280559999999999854e+04 -4.799760000000000218e+03 1.346439999999999964e+04 -1.323960000000000036e+04 -2.065720000000000073e+04 1.580160000000000036e+04 3.850490000000000190e+00 8.021190000000000264e-01 1.235880000000000000e+07 1.000090000000000000e+07
             dtu_10mw_rwt_14.0.dat 1.085880000000000045e+01 8.110760000000000192e-01 9.711000000000000227e+02 1.400000000000000000e+01 1.121230000000000000e+05 2.281359999999999854e+04 -5.022979999999999563e+03 1.345270000000000073e+04 -1.323629999999999927e+04 -1.847079999999999927e+04 1.575710000000000036e+04 2.883960000000000079e+00 6.829229999999999468e-01 1.235940000000000000e+07 1.000100000000000000e+07
             dtu_10mw_rwt_15.0.dat 1.261009999999999920e+01 8.111669999999999714e-01 8.955000000000000000e+02 1.500000000000000000e+01 1.026590000000000000e+05 2.178170000000000073e+04 -5.181720000000000255e+03 1.340029999999999927e+04 -1.323439999999999964e+04 -1.675859999999999854e+04 1.569239999999999964e+04 2.088900000000000201e+00 5.858060000000000489e-01 1.236160000000000000e+07 1.000110000000000000e+07
             dtu_10mw_rwt_16.0.dat 1.420079999999999920e+01 8.112829999999999764e-01 8.364299999999999500e+02 1.600000000000000000e+01 9.583310000000000582e+04 2.048450000000000000e+04 -5.232069999999999709e+03 1.333679999999999927e+04 -1.323200000000000000e+04 -1.528029999999999927e+04 1.562570000000000073e+04 1.415529999999999955e+00 5.020820000000000283e-01 1.236080000000000000e+07 1.000130000000000000e+07
             dtu_10mw_rwt_17.0.dat 1.567629999999999946e+01 8.114080000000000181e-01 7.881150000000000091e+02 1.700000000000000000e+01 9.064160000000000582e+04 1.997129999999999927e+04 -5.228750000000000000e+03 1.331510000000000036e+04 -1.322679999999999927e+04 -1.395989999999999964e+04 1.554910000000000036e+04 8.325780000000000403e-01 4.293759999999999799e-01 1.236320000000000000e+07 1.000140000000000000e+07
             dtu_10mw_rwt_18.0.dat 1.706030000000000157e+01 8.115320000000000311e-01 7.481159999999999854e+02 1.800000000000000000e+01 8.601210000000000582e+04 1.926629999999999927e+04 -5.211640000000000327e+03 1.328350000000000000e+04 -1.322379999999999927e+04 -1.279160000000000036e+04 1.546350000000000000e+04 3.112369999999999859e-01 3.642310000000000270e-01 1.236460000000000000e+07 1.000170000000000000e+07
             dtu_10mw_rwt_19.0.dat 1.837679999999999936e+01 8.116360000000000241e-01 7.142480000000000473e+02 1.900000000000000000e+01 8.238160000000000582e+04 1.910129999999999927e+04 -5.150579999999999927e+03 1.326239999999999964e+04 -1.322029999999999927e+04 -1.173650000000000000e+04 1.537279999999999927e+04 -1.589540000000000119e-01 3.063400000000000012e-01 1.236640000000000000e+07 1.000190000000000000e+07
             dtu_10mw_rwt_20.0.dat 1.963459999999999894e+01 8.117140000000000466e-01 6.852150000000000318e+02 2.000000000000000000e+01 7.953030000000000291e+04 1.816170000000000073e+04 -5.082529999999999745e+03 1.321479999999999927e+04 -1.321760000000000036e+04 -1.077960000000000036e+04 1.527570000000000073e+04 -5.909670000000000201e-01 2.553599999999999759e-01 1.236620000000000000e+07 1.000200000000000000e+07
             dtu_10mw_rwt_21.0.dat 2.084479999999999933e+01 8.117649999999999588e-01 6.601559999999999491e+02 2.100000000000000000e+01 7.713889999999999418e+04 1.678120000000000073e+04 -4.985520000000000437e+03 1.315129999999999927e+04 -1.321720000000000073e+04 -9.899409999999999854e+03 1.517339999999999964e+04 -9.908209999999999518e-01 2.085029999999999939e-01 1.236510000000000000e+07 1.000200000000000000e+07
             dtu_10mw_rwt_22.0.dat 2.201460000000000150e+01 8.118199999999999861e-01 6.384719999999999800e+02 2.200000000000000000e+01 7.537019999999999709e+04 1.646829999999999927e+04 -4.856810000000000400e+03 1.312160000000000036e+04 -1.321579999999999927e+04 -9.075000000000000000e+03 1.506289999999999964e+04 -1.350670000000000037e+00 1.656110000000000082e-01 1.236590000000000000e+07 1.000190000000000000e+07
             dtu_10mw_rwt_23.0.dat 2.314649999999999963e+01 8.118680000000000341e-01 6.201879999999999882e+02 2.300000000000000000e+01 7.402389999999999418e+04 1.637010000000000036e+04 -4.704079999999999927e+03 1.310060000000000036e+04 -1.321400000000000000e+04 -8.302049999999999272e+03 1.494260000000000036e+04 -1.657119999999999926e+00 1.266829999999999901e-01 1.236730000000000000e+07 1.000200000000000000e+07
             dtu_10mw_rwt_24.0.dat 2.424429999999999907e+01 8.119319999999999871e-01 6.047069999999999936e+02 2.400000000000000000e+01 7.307710000000000582e+04 1.712650000000000000e+04 -4.538680000000000291e+03 1.308310000000000036e+04 -1.321139999999999964e+04 -7.573880000000000109e+03 1.481429999999999927e+04 -1.937219999999999942e+00 9.103980000000000405e-02 1.237010000000000000e+07 1.000220000000000000e+07
