Statistics: mean. Generated: 09/11/2021 19:37:55. No. files: 20.
                              File                       4                      10                      13                      15                      17                      18                      20                      21                      25                      26                      27                      61                      64                      70                     100
             dtu_10mw_rwt_05.0.dat 0.000000000000000000e+00 3.621235474499999718e-01 3.510832085000000120e+02 5.000000000000000000e+00 3.221947614500000418e+04 2.793454496000000290e+03 -8.623016828500001793e+03 2.898229082999999719e+03 -2.878005874999999833e+03 -8.091973726999999599e+03 7.534039744958996607e+02 9.233679189000000065e+00 1.421232350499999963e+00 2.676626322499999776e+06 9.692690850499999942e+05
             dtu_10mw_rwt_06.0.dat 0.000000000000000000e+00 4.346017549500000299e-01 5.056834047500000224e+02 6.000000000000000000e+00 5.074900288000000000e+04 3.997139047500000288e+03 -8.070624054000000797e+03 4.171892178999999487e+03 -4.145367415000000619e+03 -1.111403946499999984e+04 1.057180693497999982e+03 9.179335722500001182e+00 1.415381256499999907e+00 3.855313740999999922e+06 1.675526002000000095e+06
             dtu_10mw_rwt_07.0.dat 0.000000000000000000e+00 5.070067459999999526e-01 6.880180933499999583e+02 7.000000000000000000e+00 7.258298295499999949e+04 5.379481756149999455e+03 -7.439703550499999437e+03 5.672961943000000247e+03 -5.641665331500000320e+03 -1.465707769999999982e+04 1.466969950657399750e+03 9.123710506500001927e+00 1.409432502999999892e+00 5.246902481999999844e+06 2.660211084999999963e+06
             dtu_10mw_rwt_08.0.dat 0.000000000000000000e+00 5.792418104000000012e-01 8.972241189500000473e+02 8.000000000000000000e+00 9.760144436500000302e+04 6.984475384499999564e+03 -6.734356370499999684e+03 7.398486926000000494e+03 -7.363763841999998476e+03 -1.865407364999999845e+04 2.164669173838999995e+03 9.050972753500001744e+00 1.401654618000000019e+00 6.848503150000000373e+06 3.966934747500000056e+06
             dtu_10mw_rwt_09.0.dat 0.000000000000000000e+00 6.512006507499999985e-01 1.132197432500000104e+03 9.000000000000000000e+00 1.256803087999999989e+05 8.764283068500000809e+03 -5.967026080500000717e+03 9.341650354500001413e+03 -9.306970497999998770e+03 -2.307680725000000166e+04 2.625710741934499765e+03 8.982551688499999187e+00 1.394347904500000013e+00 8.655741948999999091e+06 5.636621998999999836e+06
             dtu_10mw_rwt_10.0.dat 0.000000000000000000e+00 7.227516062000000074e-01 1.391341619000000037e+03 1.000000000000000000e+01 1.566146608499999857e+05 1.073761919400000079e+04 -5.144524545499999476e+03 1.149507395499999984e+04 -1.146453132499999992e+04 -2.785045796499999778e+04 3.173965430706800362e+03 8.897771461499999646e+00 1.385307777500000004e+00 1.066234922000000067e+07 7.706224911000000313e+06
             dtu_10mw_rwt_11.0.dat 1.341290886000000127e+00 8.105300442000000771e-01 1.573935212500000034e+03 1.100000000000000000e+01 1.784759128499999933e+05 1.241217271806220197e+04 -4.635524683000000550e+03 1.326594926000000123e+04 -1.326592949500000032e+04 -3.120601061499999923e+04 3.732173232729340270e+03 7.561875829999999965e+00 1.241684706000000027e+00 1.233764817999999970e+07 1.000000060899999924e+07
             dtu_10mw_rwt_12.0.dat 6.171521852000000585e+00 8.105323607000000097e-01 1.214051364000000149e+03 1.200000000000000000e+01 1.362424719000000041e+05 1.248473524889999862e+04 -5.875685277499999756e+03 1.323231240500000058e+04 -1.326600205999999889e+04 -2.441912973000000056e+04 3.661551275372999953e+03 4.617305121500000276e+00 9.027232868999999216e-01 1.233759594500000030e+07 9.999998915999999270e+06
             dtu_10mw_rwt_13.0.dat 8.760968972000000576e+00 8.105318604000000260e-01 1.060563050499999918e+03 1.300000000000000000e+01 1.184927236499999999e+05 1.254166103550000116e+04 -6.379994636999999784e+03 1.321170254499999828e+04 -1.326610468000000037e+04 -2.134351245500000005e+04 3.556872786604450084e+03 3.255017839499999788e+00 7.393257293999999646e-01 1.233760237500000000e+07 9.999999733500000089e+06
             dtu_10mw_rwt_14.0.dat 1.079445444999999992e+01 8.105303452500000061e-01 9.589927761000000146e+02 1.400000000000000000e+01 1.069588137500000012e+05 1.258155374399999891e+04 -6.675797488999999587e+03 1.319412344499999926e+04 -1.326618014999999832e+04 -1.919640521499999886e+04 3.591087541909250831e+03 2.279702613500000030e+00 6.204901584999999997e-01 1.233762734999999963e+07 9.999998278999999166e+06
             dtu_10mw_rwt_15.0.dat 1.255625621500000122e+01 8.105315170000000347e-01 8.834324910500000669e+02 1.500000000000000000e+01 9.853977928999999131e+04 1.262870372950000092e+04 -6.876644301500000438e+03 1.317643966499999988e+04 -1.326625449999999910e+04 -1.751832665500000076e+04 3.644386310284499814e+03 1.496808677999999837e+00 5.241726286000000234e-01 1.233760939000000060e+07 1.000000000950000063e+07
             dtu_10mw_rwt_16.0.dat 1.415092367499999781e+01 8.105329932999999487e-01 8.237428194999999960e+02 1.600000000000000000e+01 9.206466319499998644e+04 1.267049095199999829e+04 -7.002299600000000282e+03 1.315850403999999980e+04 -1.326628058500000043e+04 -1.612467986999999812e+04 3.662178099899299468e+03 8.332120391999998654e-01 4.419556938499999976e-01 1.233758276500000060e+07 9.999999453500000760e+06
             dtu_10mw_rwt_17.0.dat 1.562869172999999989e+01 8.105310573000000796e-01 7.751819582499999797e+02 1.700000000000000000e+01 8.694762786000000779e+04 1.271714008849999846e+04 -7.077145022499998959e+03 1.314005640999999923e+04 -1.326635705000000053e+04 -1.493227263000000130e+04 3.651908099044499522e+03 2.531938138041909814e-01 3.700478712999999975e-01 1.233761670500000007e+07 9.999996566999999806e+06
             dtu_10mw_rwt_18.0.dat 1.701823578000000126e+01 8.105298898499999627e-01 7.348394440999999233e+02 1.800000000000000000e+01 8.284731835000000137e+04 1.277070452000000114e+04 -7.111684040000001005e+03 1.312103884500000095e+04 -1.326647658000000047e+04 -1.388895435500000167e+04 3.629313396630249827e+03 -2.628505705797499759e-01 3.054014742499999713e-01 1.233763757000000030e+07 9.999998027000000700e+06
             dtu_10mw_rwt_19.0.dat 1.833734299000000334e+01 8.105294338999999848e-01 7.007913011000000552e+02 1.900000000000000000e+01 7.953515944499999750e+04 1.282806209350000063e+04 -7.113522621500000241e+03 1.310175484499999948e+04 -1.326657417999999961e+04 -1.296262132999999994e+04 3.603075890474200150e+03 -7.281664926000001037e-01 2.465954449499999923e-01 1.233764946499999985e+07 9.999999563999999315e+06
             dtu_10mw_rwt_20.0.dat 1.959881940000000000e+01 8.105287626000000634e-01 6.716894813999999769e+02 2.000000000000000000e+01 7.685566562999998860e+04 1.289165586600000097e+04 -7.089245172500000990e+03 1.308207221500000014e+04 -1.326664909500000067e+04 -1.212970661999999902e+04 3.573352119388999654e+03 -1.152921977200000114e+00 1.928453650999999991e-01 1.233766350500000082e+07 9.999997712999999523e+06
             dtu_10mw_rwt_21.0.dat 2.081176336000000049e+01 8.105282094000001436e-01 6.466073803499999713e+02 2.100000000000000000e+01 7.469832318500001566e+04 1.295810650300000088e+04 -7.040588766999998370e+03 1.306173329999999987e+04 -1.326676596500000051e+04 -1.137311369999999988e+04 3.540058512926000276e+03 -1.544107138199999785e+00 1.433388973699999958e-01 1.233767447000000067e+07 1.000000000449999981e+07
             dtu_10mw_rwt_22.0.dat 2.198226292500000412e+01 8.105293629499999986e-01 6.248667554999999538e+02 2.200000000000000000e+01 7.298200274500000523e+04 1.302539764949999881e+04 -6.968982518000000709e+03 1.304063976999999795e+04 -1.326686690999999882e+04 -1.068107928600000014e+04 3.503350956104499801e+03 -1.906365202000000147e+00 9.748992056499999892e-02 1.233765535999999940e+07 1.000000309349999949e+07
             dtu_10mw_rwt_23.0.dat 2.311449177999999804e+01 8.105311766999999668e-01 6.059521157499999617e+02 2.300000000000000000e+01 7.164711579500000516e+04 1.309395421149999856e+04 -6.877752033499999015e+03 1.301895103000000017e+04 -1.326690125000000080e+04 -1.004514076150000074e+04 3.463577020162299050e+03 -2.242781383999999711e+00 5.490794415806450612e-02 1.233762471499999985e+07 1.000000188700000010e+07
             dtu_10mw_rwt_24.0.dat 2.421180550500000095e+01 8.105329036500000806e-01 5.894940782999999556e+02 2.400000000000000000e+01 7.065415303499999573e+04 1.316439158549999956e+04 -6.767665178499999456e+03 1.299649813499999982e+04 -1.326695467000000099e+04 -9.459060730500001227e+03 3.414915123165000296e+03 -2.555247118000000039e+00 1.535107807595950148e-02 1.233759411999999918e+07 1.000000107750000060e+07
