Statistics: del10. Generated: 09/11/2021 19:37:55. No. files: 20.
                              File                       4                      10                      13                      15                      17                      18                      20                      21                      25                      26                      27                      61                      64                      70                     100
             dtu_10mw_rwt_05.0.dat nan 2.063859944143109967e-04 3.841737144297945772e+00 nan 4.036895929632794378e+02 1.794217985267909853e+03 3.610007328992917337e+02 3.986502914362808525e+01 3.789031292454440702e+00 8.138717176006914542e+02 1.623653291945099227e+04 3.166158589526816280e-01 3.324359008900025503e-02 4.059788825525726679e+03 2.017369069766301664e+03
             dtu_10mw_rwt_06.0.dat nan 2.403434234551254424e-04 5.589413074962028105e+00 nan 6.987552565722414784e+02 2.295314511905490690e+03 4.903427647490847789e+02 5.344337835244619583e+01 5.512631002035510264e+00 8.253406494466984213e+02 1.651802887866978199e+04 3.519914588741722139e-01 3.705852571884724750e-02 5.630166794507669692e+03 3.341559274559850110e+03
             dtu_10mw_rwt_07.0.dat nan 2.537122523771863825e-04 7.472487770756039538e+00 nan 1.205296603836340410e+03 5.687456394847463343e+03 6.582091449206975540e+02 1.265266632234659170e+02 1.027364380721863135e+01 8.324936263930840141e+02 1.678230932281410423e+04 3.966409686282741931e-01 4.149341470303335999e-02 7.840718147657932604e+03 5.483252534096240197e+03
             dtu_10mw_rwt_08.0.dat nan 3.404634208278158958e-04 9.894386476662621277e+00 nan 1.004703613279204092e+03 3.190353298760796861e+03 7.750907115274924308e+02 6.470301432145716092e+01 1.319575953530740087e+01 8.462136046247811692e+02 1.703489227587879577e+04 4.789290469230577663e-01 4.821766724892422029e-02 1.162166921505696700e+04 9.289459075488066446e+03
             dtu_10mw_rwt_09.0.dat nan 3.706545554389945952e-04 1.329968866880617462e+01 nan 1.096973956509761820e+03 4.069792564994369513e+03 9.133748714789520591e+02 8.912196892101390233e+01 1.646737970599731327e+01 8.649550997382959849e+02 1.726508850500186600e+04 5.711896073551097075e-01 5.714003593638448952e-02 1.505156155177229812e+04 1.316027790434297458e+04
             dtu_10mw_rwt_10.0.dat nan 4.456019135832273571e-04 1.745571440564133425e+01 nan 1.343391035151714050e+03 3.252144250491579896e+03 1.148555986258988241e+03 7.866655395758894542e+01 2.062485947255182595e+01 9.000838773925877376e+02 1.748151765945579245e+04 6.849573071195567131e-01 6.823157241473845613e-02 1.464017655793307858e+04 1.480199081565461711e+04
             dtu_10mw_rwt_11.0.dat 3.900877357472213314e-01 1.217329010555633908e-03 3.290763739546915900e+01 nan 3.205208339587954470e+04 3.822476469799382176e+04 2.126600328983201507e+03 8.952395663049339873e+02 5.258512162961385883e+01 1.579908172454799114e+03 1.768772378926082092e+04 7.767413196975562206e-01 8.197273986081377029e-02 4.526134979019987077e+04 2.245052326819781683e+03
             dtu_10mw_rwt_12.0.dat 1.171402584467969854e-01 6.190510041836707906e-04 2.768296265937303247e+01 nan 9.687561840557467804e+03 1.599447859491212512e+04 1.571394378460988037e+03 3.755666506887048968e+02 3.376172644489501096e+01 1.086277937161881709e+03 1.773850824671409646e+04 6.764227309407138122e-01 7.329632632543237047e-02 2.701017359970055622e+04 1.434480691157876436e+03
             dtu_10mw_rwt_13.0.dat 8.434170706466825873e-02 6.827958469538025939e-04 2.838235160349577058e+01 nan 6.876897492796719234e+03 1.287528189459965506e+04 1.584647692271996220e+03 3.026154296749594437e+02 3.340471588202003517e+01 1.104299195579587149e+03 1.769967366294910607e+04 6.596295840933844579e-01 7.328457713725405887e-02 2.529167513921829959e+04 1.444118974472810578e+03
             dtu_10mw_rwt_14.0.dat 7.672530738885001422e-02 8.050330110392990611e-04 3.003926997011482314e+01 nan 6.391037327623655074e+03 1.283604347648577641e+04 1.661946980096535754e+03 3.003142941942422794e+02 3.682832009415592012e+01 1.132544089106783531e+03 1.767345379665015935e+04 6.669788532490604771e-01 7.321378709238865468e-02 2.719123865132775245e+04 1.604717160538884173e+03
             dtu_10mw_rwt_15.0.dat 6.443396757933711472e-02 9.628005885696478642e-04 3.188023558228216459e+01 nan 5.120078259007519591e+03 1.082110881289026293e+04 1.721822599943309342e+03 2.569878030880893789e+02 3.931903154919083221e+01 1.180961814614574223e+03 1.761038495072777005e+04 6.669535971296306487e-01 7.415768708352711569e-02 2.742613527630364842e+04 1.756482281895495817e+03
             dtu_10mw_rwt_16.0.dat 5.693951451985884704e-02 1.144135890590860290e-03 3.413031405984261824e+01 nan 4.617060835195522486e+03 9.539470391819339056e+03 1.807542624080891528e+03 2.188152424505235274e+02 4.343179214125683529e+01 1.277553493736241990e+03 1.754948644402353966e+04 6.791453542863021831e-01 7.515412102761841184e-02 2.860126927225778854e+04 1.976410250589813586e+03
             dtu_10mw_rwt_17.0.dat 5.239947043022637890e-02 1.350539755777213592e-03 3.637826015715128847e+01 nan 4.052219257531056428e+03 8.507147702937747454e+03 1.889955242719930993e+03 2.066344616052674894e+02 4.962601047590732861e+01 1.438341610244505773e+03 1.747057693643515086e+04 6.937319429492749823e-01 7.660308190664813499e-02 3.084164435131067512e+04 2.265822399700588903e+03
             dtu_10mw_rwt_18.0.dat 4.766585746107376842e-02 1.568497735647853908e-03 3.851840977048860992e+01 nan 3.592788845174198741e+03 7.480763397247943431e+03 1.966464382841056249e+03 1.845145951657248133e+02 5.681651874002187697e+01 1.611802101236589806e+03 1.738340550089176031e+04 7.052499163378250779e-01 7.863589346667593238e-02 3.243041933217906990e+04 2.615979345019004995e+03
             dtu_10mw_rwt_19.0.dat 4.643133557147465645e-02 1.750745868039859559e-03 4.042613431240750543e+01 nan 3.527942439939688484e+03 7.365091028433009342e+03 2.049104837575458987e+03 1.796215420275595704e+02 6.295648594087480632e+01 1.792698232128192330e+03 1.729389562441359158e+04 7.181161226036172351e-01 8.109161205555852348e-02 3.508810142498760251e+04 2.930624148317438994e+03
             dtu_10mw_rwt_20.0.dat 4.286069661461199692e-02 1.915570321792233821e-03 4.253712473717584430e+01 nan 3.229573568529166096e+03 6.231481494560973260e+03 2.120846536349680719e+03 1.491588992341019093e+02 6.700711924972304701e+01 1.971810245378536138e+03 1.719565688291525294e+04 7.326590700055833905e-01 8.505245470569409993e-02 3.682059884312257054e+04 3.160783566402760698e+03
             dtu_10mw_rwt_21.0.dat 3.942648014518683464e-02 2.035076330467468306e-03 4.459022194538390949e+01 nan 2.867532607168382128e+03 4.732426550199709709e+03 2.189573185407734400e+03 1.105833726426557888e+02 6.888084232545004681e+01 2.143866466730257798e+03 1.709220043246599380e+04 7.523444265787653240e-01 9.002673845163469690e-02 3.785490673821637756e+04 3.241765971222718235e+03
             dtu_10mw_rwt_22.0.dat 3.881452117369917770e-02 2.151648833974462334e-03 4.666806627215224523e+01 nan 2.697077622953622722e+03 3.944422371819002819e+03 2.264518192672829173e+03 9.691108501642273154e+01 7.203734246269264929e+01 2.335071367577056208e+03 1.697638737183009653e+04 7.762731221992889008e-01 9.534516408201303139e-02 3.942615884955482034e+04 3.350598759452640479e+03
             dtu_10mw_rwt_23.0.dat 3.956718642930352053e-02 2.257999952275269173e-03 4.891882437796420646e+01 nan 2.692202103325497774e+03 3.759311677997251081e+03 2.338552696451354677e+03 9.494214151542686864e+01 7.494099474465973287e+01 2.540381744104325207e+03 1.684233295002842715e+04 8.180026389349237537e-01 1.003840616821030929e-01 4.122101908401654509e+04 3.511783897694911957e+03
             dtu_10mw_rwt_24.0.dat 4.163203751674574016e-02 2.361070732568552964e-03 5.133809666898522295e+01 nan 2.891391392615852510e+03 4.498042591869780154e+03 2.408916269507089964e+03 1.043404574715465998e+02 7.861555508199840858e+01 2.743114371324882541e+03 1.669421321068100588e+04 8.604868001844064862e-01 1.055656000986531229e-01 4.335909901695567532e+04 3.709321155955877202e+03
