Statistics: del4. Generated: 09/11/2021 19:37:55. No. files: 20.
                              File                       4                      10                      13                      15                      17                      18                      20                      21                      25                      26                      27                      61                      64                      70                     100
             dtu_10mw_rwt_05.0.dat nan 1.341102456462841045e-04 2.497517602769013578e+00 nan 2.563429982392393640e+02 1.005291317727346836e+03 2.347136621162426025e+02 2.251774502672299860e+01 2.143559026920609512e+00 4.484928899305693903e+02 8.971711215030218227e+03 1.762690525095127747e-01 1.841359222795501890e-02 2.313260488987258668e+03 1.151939510375999362e+03
             dtu_10mw_rwt_06.0.dat nan 1.609140016209446009e-04 3.749479561653699111e+00 nan 4.589491929719918630e+02 1.276956425907339963e+03 3.288919107981538446e+02 2.985563039719410128e+01 3.083249930841530428e+00 4.696104178516101797e+02 9.361914577142875714e+03 2.013589969052239914e-01 2.107411452110474412e-02 3.141866738229068687e+03 1.858534241578782485e+03
             dtu_10mw_rwt_07.0.dat nan 1.737066249277738426e-04 5.116029381474796800e+00 nan 8.193522239182453859e+02 3.463822056035006426e+03 4.504600817085236031e+02 7.810588919945371345e+01 6.097749404902212511e+00 4.859802667663894908e+02 9.744222023802478361e+03 2.333394771621598307e-01 2.422441951469330931e-02 4.543992805510918515e+03 3.157281931076805449e+03
             dtu_10mw_rwt_08.0.dat nan 2.378204987464496809e-04 6.914155909803165301e+00 nan 6.935979325393604995e+02 1.778797484945516317e+03 5.421776365147055685e+02 3.746680734439566152e+01 8.214202944990203648e+00 5.063472051582057247e+02 1.009690711133692639e+04 2.853245870326325817e-01 2.864016050159564480e-02 7.107406426799708242e+03 5.694635419337988424e+03
             dtu_10mw_rwt_09.0.dat nan 2.634295090904457720e-04 9.461145597400358653e+00 nan 7.625950527826804546e+02 2.220250038839726130e+03 6.497450298990891042e+02 4.943232507493038952e+01 9.593868883009974979e+00 5.304335934852232413e+02 1.040450220436939708e+04 3.456064948522993285e-01 3.451041169316493989e-02 8.689060696258506141e+03 7.591290523947028305e+03
             dtu_10mw_rwt_10.0.dat nan 3.221789622605106978e-04 1.261523429474366864e+01 nan 9.633605623785363150e+02 1.780120498702753139e+03 8.303265748308766661e+02 4.512382251581398407e+01 1.347509577657397806e+01 5.692063945070777891e+02 1.071804611018001742e+04 4.203438795307787856e-01 4.182093556244332461e-02 8.774185505680257847e+03 8.972314121913941563e+03
             dtu_10mw_rwt_11.0.dat 2.614251543262474664e-01 7.923476497446539082e-04 2.195799540757241175e+01 nan 2.169300690760913858e+04 2.583741263734886161e+04 1.404347833032069047e+03 6.038401981414805277e+02 3.525680685100255118e+01 9.331460635956477745e+02 1.102378469894256523e+04 4.622080823401951144e-01 4.912433337428485924e-02 3.025410941722538337e+04 1.565032370771239130e+03
             dtu_10mw_rwt_12.0.dat 7.452839328432320221e-02 4.235905965720164522e-04 1.984620558545928048e+01 nan 6.337469664137185646e+03 1.049259417783733079e+04 1.103580108904172903e+03 2.464169474370103785e+02 2.172571325267700360e+01 6.999887489139612171e+02 1.104548348761405032e+04 4.191171576483480599e-01 4.534220909920225195e-02 1.707526056098017216e+04 9.677635720231993446e+02
             dtu_10mw_rwt_13.0.dat 5.175948880004890146e-02 4.962422451593224591e-04 2.062608614374471827e+01 nan 4.355215440475266405e+03 8.104437559442624661e+03 1.131049369385302953e+03 1.905904459899321637e+02 2.153965834701633142e+01 7.304790810891339561e+02 1.104433630549599911e+04 4.110321622385698093e-01 4.559125518101082158e-02 1.575154283629826568e+04 1.006792748161163900e+03
             dtu_10mw_rwt_14.0.dat 4.610633837796610651e-02 5.899226409890143564e-04 2.188642250796294775e+01 nan 3.928487827260330960e+03 7.841648112652220334e+03 1.191862057208894612e+03 1.840347655047070248e+02 2.383610951097573860e+01 7.616034325757194665e+02 1.100611870900136273e+04 4.158137095739316558e-01 4.557600809571189099e-02 1.680892417584380382e+04 1.148279305238313555e+03
             dtu_10mw_rwt_15.0.dat 3.821524273922693310e-02 7.066187114124506535e-04 2.331712901628429790e+01 nan 3.126190205375064579e+03 6.454321536027468937e+03 1.246117963272623228e+03 1.532647591972799432e+02 2.581737102143755891e+01 8.046830854961486921e+02 1.096658991944117224e+04 4.163504513241499394e-01 4.625960819689294012e-02 1.700004348923244106e+04 1.328770059252186456e+03
             dtu_10mw_rwt_16.0.dat 3.383151210139362375e-02 8.396451129787979497e-04 2.503003302263587315e+01 nan 2.727089361733264013e+03 5.562122817853152810e+03 1.314305219659284148e+03 1.310521845362599720e+02 2.970259690658410534e+01 8.658948114152555036e+02 1.093853068641982827e+04 4.254446444923231652e-01 4.703508739427237489e-02 1.808239637062189649e+04 1.575066708256989614e+03
             dtu_10mw_rwt_17.0.dat 3.120830769796824680e-02 9.926544039300562190e-04 2.669143890815094977e+01 nan 2.412756842561130270e+03 4.900890091432153895e+03 1.379731833696977674e+03 1.194691823724051147e+02 3.518195538073531736e+01 9.550980561209798907e+02 1.089868719636284550e+04 4.349293535393128352e-01 4.797909146149460097e-02 1.997303882043675912e+04 1.891972424544009527e+03
             dtu_10mw_rwt_18.0.dat 2.904510221962931099e-02 1.153292550191021637e-03 2.828586703392510771e+01 nan 2.170494891198666210e+03 4.245428808127197044e+03 1.438955681176151302e+03 1.043191027102472361e+02 4.164781353232503136e+01 1.052250032738204709e+03 1.084542822844331386e+04 4.427734113086073675e-01 4.933204964217127730e-02 2.199783267703756064e+04 2.245364869647133673e+03
             dtu_10mw_rwt_19.0.dat 2.868260188910385852e-02 1.287056936720755614e-03 2.967751867294335710e+01 nan 2.137296393018414619e+03 4.119317649908780368e+03 1.500055384834555070e+03 1.003399216224681680e+02 4.654608465015140695e+01 1.154493012449859862e+03 1.078979063292679166e+04 4.517249532874061391e-01 5.096046262648233627e-02 2.420531484200180421e+04 2.516604962438917937e+03
             dtu_10mw_rwt_20.0.dat 2.755458662022363184e-02 1.408991623557498017e-03 3.123948455179330708e+01 nan 1.989688189942216241e+03 3.428346686075974503e+03 1.555133413666122578e+03 8.404656905724854710e+01 5.004642326847434930e+01 1.257472370767682605e+03 1.072626370296098685e+04 4.621323737842658042e-01 5.338269572640100963e-02 2.601926964377500917e+04 2.704639027469074790e+03
             dtu_10mw_rwt_21.0.dat 2.684946008002569995e-02 1.496629311891553788e-03 3.275759510684058995e+01 nan 1.850713007692040492e+03 2.592285560200279178e+03 1.606631421998407859e+03 6.468773895781957606e+01 5.158518254288784988e+01 1.358717299085625200e+03 1.065885197164987585e+04 4.756782776499811072e-01 5.641864441591785267e-02 2.729235104540568136e+04 2.776138268673210405e+03
             dtu_10mw_rwt_22.0.dat 2.727407992506885454e-02 1.582850471702873388e-03 3.429413071212326969e+01 nan 1.834337126987171359e+03 2.177361866748876764e+03 1.662898817812069638e+03 5.693475047826999713e+01 5.378029237914999783e+01 1.472509776682597249e+03 1.058132013170974642e+04 4.915564915682219538e-01 5.968340933099109541e-02 2.868382629447806539e+04 2.850867689366867125e+03
             dtu_10mw_rwt_23.0.dat 2.815916791899169755e-02 1.660094996571559846e-03 3.594959272983173548e+01 nan 1.892529822954689962e+03 2.091988810764295067e+03 1.717707934082470956e+03 5.535871121838545861e+01 5.575322143632223515e+01 1.596625484202948428e+03 1.049375677914888183e+04 5.167095410929162247e-01 6.277089599614577020e-02 3.006856685632474546e+04 2.963829206774943941e+03
             dtu_10mw_rwt_24.0.dat 2.950192426162488377e-02 1.735370425945239117e-03 3.772408978208615338e+01 nan 2.014917058532475266e+03 2.410441343327334835e+03 1.769110267331739578e+03 6.003673268096436999e+01 5.815821978921301394e+01 1.719727372231353684e+03 1.039815875081053673e+04 5.421874503983842297e-01 6.594176407586480049e-02 3.156225873655611576e+04 3.100042405008006426e+03
